<?xml version="1.0" encoding="utf-8" standalone="no"?>
<!DOCTYPE svg PUBLIC "-//W3C//DTD SVG 1.1//EN"
  "http://www.w3.org/Graphics/SVG/1.1/DTD/svg11.dtd">
<svg xmlns:xlink="http://www.w3.org/1999/xlink" width="433.135551pt" height="382.757175pt" viewBox="0 0 433.135551 382.757175" xmlns="http://www.w3.org/2000/svg" version="1.1">
 <metadata>
  <rdf:RDF xmlns:dc="http://purl.org/dc/elements/1.1/" xmlns:cc="http://creativecommons.org/ns#" xmlns:rdf="http://www.w3.org/1999/02/22-rdf-syntax-ns#">
   <cc:Work>
    <dc:type rdf:resource="http://purl.org/dc/dcmitype/StillImage"/>
    <dc:date>2022-07-13T15:35:11.155477</dc:date>
    <dc:format>image/svg+xml</dc:format>
    <dc:creator>
     <cc:Agent>
      <dc:title>Matplotlib v3.5.2, https://matplotlib.org/</dc:title>
     </cc:Agent>
    </dc:creator>
   </cc:Work>
  </rdf:RDF>
 </metadata>
 <defs>
  <style type="text/css">*{stroke-linejoin: round; stroke-linecap: butt}</style>
 </defs>
 <g id="figure_1">
  <g id="patch_1">
   <path d="M 0 382.757175 
L 433.135551 382.757175 
L 433.135551 0 
L 0 0 
L 0 382.757175 
z
" style="fill: none"/>
  </g>
  <g id="axes_1">
   <g id="patch_2">
    <path d="M 398.691525 212.477175 
C 398.691525 191.061706 394.473145 169.854475 386.2778 150.069161 
C 378.082454 130.283847 366.069523 112.305225 350.926499 97.162201 
C 335.783476 82.019178 317.804853 70.006246 298.01954 61.810901 
C 278.234226 53.615556 257.026995 49.397175 235.611525 49.397175 
C 214.196056 49.397175 192.988825 53.615556 173.203511 61.810901 
C 153.418197 70.006246 135.439575 82.019178 120.296552 97.162201 
C 105.153528 112.305225 93.140597 130.283847 84.945251 150.069161 
C 76.749906 169.854475 72.531525 191.061706 72.531525 212.477175 
C 72.531525 233.892644 76.749906 255.099875 84.945251 274.885189 
C 93.140597 294.670503 105.153528 312.649125 120.296552 327.792149 
C 135.439575 342.935172 153.418197 354.948104 173.203511 363.143449 
C 192.988825 371.338794 214.196056 375.557175 235.611525 375.557175 
C 257.026995 375.557175 278.234226 371.338794 298.01954 363.143449 
C 317.804853 354.948104 335.783476 342.935172 350.926499 327.792149 
C 366.069523 312.649125 378.082454 294.670503 386.2778 274.885189 
C 394.473145 255.099875 398.691525 233.892644 398.691525 212.477175 
M 235.611525 212.477175 
C 235.611525 212.477175 235.611525 212.477175 235.611525 212.477175 
C 235.611525 212.477175 235.611525 212.477175 235.611525 212.477175 
C 235.611525 212.477175 235.611525 212.477175 235.611525 212.477175 
C 235.611525 212.477175 235.611525 212.477175 235.611525 212.477175 
C 235.611525 212.477175 235.611525 212.477175 235.611525 212.477175 
C 235.611525 212.477175 235.611525 212.477175 235.611525 212.477175 
C 235.611525 212.477175 235.611525 212.477175 235.611525 212.477175 
C 235.611525 212.477175 235.611525 212.477175 235.611525 212.477175 
C 235.611525 212.477175 235.611525 212.477175 235.611525 212.477175 
C 235.611525 212.477175 235.611525 212.477175 235.611525 212.477175 
C 235.611525 212.477175 235.611525 212.477175 235.611525 212.477175 
C 235.611525 212.477175 235.611525 212.477175 235.611525 212.477175 
C 235.611525 212.477175 235.611525 212.477175 235.611525 212.477175 
C 235.611525 212.477175 235.611525 212.477175 235.611525 212.477175 
C 235.611525 212.477175 235.611525 212.477175 235.611525 212.477175 
C 235.611525 212.477175 235.611525 212.477175 235.611525 212.477175 
M 398.691525 212.477175 
z
" style="fill: #ffffff"/>
   </g>
   <g id="patch_3">
    <path d="M 235.611525 145.305111 
L 288.597005 195.261149 
L 273.510059 264.640032 
L 170.608112 301.946698 
L 85.375744 163.66261 
z
" clip-path="url(#p59fd468c95)" style="fill: #00ff3e; opacity: 0.25; stroke: #00ff3e; stroke-linejoin: miter"/>
   </g>
   <g id="matplotlib.axis_1">
    <g id="xtick_1">
     <g id="line2d_1">
      <path d="M 235.611525 212.477175 
L 235.611525 49.397175 
" clip-path="url(#p59fd468c95)" style="fill: none; stroke: #b0b0b0; stroke-width: 0.8; stroke-linecap: square"/>
     </g>
     <g id="text_1">
      <!-- LSTM -->
      <g transform="translate(222.2834 38.15655)scale(0.1 -0.1)">
       <defs>
        <path id="DejaVuSans-4c" d="M 628 4666 
L 1259 4666 
L 1259 531 
L 3531 531 
L 3531 0 
L 628 0 
L 628 4666 
z
" transform="scale(0.015625)"/>
        <path id="DejaVuSans-53" d="M 3425 4513 
L 3425 3897 
Q 3066 4069 2747 4153 
Q 2428 4238 2131 4238 
Q 1616 4238 1336 4038 
Q 1056 3838 1056 3469 
Q 1056 3159 1242 3001 
Q 1428 2844 1947 2747 
L 2328 2669 
Q 3034 2534 3370 2195 
Q 3706 1856 3706 1288 
Q 3706 609 3251 259 
Q 2797 -91 1919 -91 
Q 1588 -91 1214 -16 
Q 841 59 441 206 
L 441 856 
Q 825 641 1194 531 
Q 1563 422 1919 422 
Q 2459 422 2753 634 
Q 3047 847 3047 1241 
Q 3047 1584 2836 1778 
Q 2625 1972 2144 2069 
L 1759 2144 
Q 1053 2284 737 2584 
Q 422 2884 422 3419 
Q 422 4038 858 4394 
Q 1294 4750 2059 4750 
Q 2388 4750 2728 4690 
Q 3069 4631 3425 4513 
z
" transform="scale(0.015625)"/>
        <path id="DejaVuSans-54" d="M -19 4666 
L 3928 4666 
L 3928 4134 
L 2272 4134 
L 2272 0 
L 1638 0 
L 1638 4134 
L -19 4134 
L -19 4666 
z
" transform="scale(0.015625)"/>
        <path id="DejaVuSans-4d" d="M 628 4666 
L 1569 4666 
L 2759 1491 
L 3956 4666 
L 4897 4666 
L 4897 0 
L 4281 0 
L 4281 4097 
L 3078 897 
L 2444 897 
L 1241 4097 
L 1241 0 
L 628 0 
L 628 4666 
z
" transform="scale(0.015625)"/>
       </defs>
       <use xlink:href="#DejaVuSans-4c"/>
       <use xlink:href="#DejaVuSans-53" x="55.712891"/>
       <use xlink:href="#DejaVuSans-54" x="119.189453"/>
       <use xlink:href="#DejaVuSans-4d" x="180.273438"/>
      </g>
     </g>
    </g>
    <g id="xtick_2">
     <g id="line2d_2">
      <path d="M 235.611525 212.477175 
L 390.709822 162.082684 
" clip-path="url(#p59fd468c95)" style="fill: none; stroke: #b0b0b0; stroke-width: 0.8; stroke-linecap: square"/>
     </g>
     <g id="text_2">
      <!-- RNN -->
      <g transform="translate(404.024613 160.515821)scale(0.1 -0.1)">
       <defs>
        <path id="DejaVuSans-52" d="M 2841 2188 
Q 3044 2119 3236 1894 
Q 3428 1669 3622 1275 
L 4263 0 
L 3584 0 
L 2988 1197 
Q 2756 1666 2539 1819 
Q 2322 1972 1947 1972 
L 1259 1972 
L 1259 0 
L 628 0 
L 628 4666 
L 2053 4666 
Q 2853 4666 3247 4331 
Q 3641 3997 3641 3322 
Q 3641 2881 3436 2590 
Q 3231 2300 2841 2188 
z
M 1259 4147 
L 1259 2491 
L 2053 2491 
Q 2509 2491 2742 2702 
Q 2975 2913 2975 3322 
Q 2975 3731 2742 3939 
Q 2509 4147 2053 4147 
L 1259 4147 
z
" transform="scale(0.015625)"/>
        <path id="DejaVuSans-4e" d="M 628 4666 
L 1478 4666 
L 3547 763 
L 3547 4666 
L 4159 4666 
L 4159 0 
L 3309 0 
L 1241 3903 
L 1241 0 
L 628 0 
L 628 4666 
z
" transform="scale(0.015625)"/>
       </defs>
       <use xlink:href="#DejaVuSans-52"/>
       <use xlink:href="#DejaVuSans-4e" x="69.482422"/>
       <use xlink:href="#DejaVuSans-4e" x="144.287109"/>
      </g>
     </g>
    </g>
    <g id="xtick_3">
     <g id="line2d_3">
      <path d="M 235.611525 212.477175 
L 331.467544 344.411666 
" clip-path="url(#p59fd468c95)" style="fill: none; stroke: #b0b0b0; stroke-width: 0.8; stroke-linecap: square"/>
     </g>
     <g id="text_3">
      <!-- GRU -->
      <g transform="translate(339.696538 358.497279)scale(0.1 -0.1)">
       <defs>
        <path id="DejaVuSans-47" d="M 3809 666 
L 3809 1919 
L 2778 1919 
L 2778 2438 
L 4434 2438 
L 4434 434 
Q 4069 175 3628 42 
Q 3188 -91 2688 -91 
Q 1594 -91 976 548 
Q 359 1188 359 2328 
Q 359 3472 976 4111 
Q 1594 4750 2688 4750 
Q 3144 4750 3555 4637 
Q 3966 4525 4313 4306 
L 4313 3634 
Q 3963 3931 3569 4081 
Q 3175 4231 2741 4231 
Q 1884 4231 1454 3753 
Q 1025 3275 1025 2328 
Q 1025 1384 1454 906 
Q 1884 428 2741 428 
Q 3075 428 3337 486 
Q 3600 544 3809 666 
z
" transform="scale(0.015625)"/>
        <path id="DejaVuSans-55" d="M 556 4666 
L 1191 4666 
L 1191 1831 
Q 1191 1081 1462 751 
Q 1734 422 2344 422 
Q 2950 422 3222 751 
Q 3494 1081 3494 1831 
L 3494 4666 
L 4128 4666 
L 4128 1753 
Q 4128 841 3676 375 
Q 3225 -91 2344 -91 
Q 1459 -91 1007 375 
Q 556 841 556 1753 
L 556 4666 
z
" transform="scale(0.015625)"/>
       </defs>
       <use xlink:href="#DejaVuSans-47"/>
       <use xlink:href="#DejaVuSans-52" x="77.490234"/>
       <use xlink:href="#DejaVuSans-55" x="146.972656"/>
      </g>
     </g>
    </g>
    <g id="xtick_4">
     <g id="line2d_4">
      <path d="M 235.611525 212.477175 
L 139.755506 344.411666 
" clip-path="url(#p59fd468c95)" style="fill: none; stroke: #b0b0b0; stroke-width: 0.8; stroke-linecap: square"/>
     </g>
     <g id="text_4">
      <!-- TST -->
      <g transform="translate(112.96245 358.497279)scale(0.1 -0.1)">
       <use xlink:href="#DejaVuSans-54"/>
       <use xlink:href="#DejaVuSans-53" x="61.083984"/>
       <use xlink:href="#DejaVuSans-54" x="124.560547"/>
      </g>
     </g>
    </g>
    <g id="xtick_5">
     <g id="line2d_5">
      <path d="M 235.611525 212.477175 
L 80.513229 162.082684 
" clip-path="url(#p59fd468c95)" style="fill: none; stroke: #b0b0b0; stroke-width: 0.8; stroke-linecap: square"/>
     </g>
     <g id="text_5">
      <!-- Transformer -->
      <g transform="translate(7.2 160.515821)scale(0.1 -0.1)">
       <defs>
        <path id="DejaVuSans-72" d="M 2631 2963 
Q 2534 3019 2420 3045 
Q 2306 3072 2169 3072 
Q 1681 3072 1420 2755 
Q 1159 2438 1159 1844 
L 1159 0 
L 581 0 
L 581 3500 
L 1159 3500 
L 1159 2956 
Q 1341 3275 1631 3429 
Q 1922 3584 2338 3584 
Q 2397 3584 2469 3576 
Q 2541 3569 2628 3553 
L 2631 2963 
z
" transform="scale(0.015625)"/>
        <path id="DejaVuSans-61" d="M 2194 1759 
Q 1497 1759 1228 1600 
Q 959 1441 959 1056 
Q 959 750 1161 570 
Q 1363 391 1709 391 
Q 2188 391 2477 730 
Q 2766 1069 2766 1631 
L 2766 1759 
L 2194 1759 
z
M 3341 1997 
L 3341 0 
L 2766 0 
L 2766 531 
Q 2569 213 2275 61 
Q 1981 -91 1556 -91 
Q 1019 -91 701 211 
Q 384 513 384 1019 
Q 384 1609 779 1909 
Q 1175 2209 1959 2209 
L 2766 2209 
L 2766 2266 
Q 2766 2663 2505 2880 
Q 2244 3097 1772 3097 
Q 1472 3097 1187 3025 
Q 903 2953 641 2809 
L 641 3341 
Q 956 3463 1253 3523 
Q 1550 3584 1831 3584 
Q 2591 3584 2966 3190 
Q 3341 2797 3341 1997 
z
" transform="scale(0.015625)"/>
        <path id="DejaVuSans-6e" d="M 3513 2113 
L 3513 0 
L 2938 0 
L 2938 2094 
Q 2938 2591 2744 2837 
Q 2550 3084 2163 3084 
Q 1697 3084 1428 2787 
Q 1159 2491 1159 1978 
L 1159 0 
L 581 0 
L 581 3500 
L 1159 3500 
L 1159 2956 
Q 1366 3272 1645 3428 
Q 1925 3584 2291 3584 
Q 2894 3584 3203 3211 
Q 3513 2838 3513 2113 
z
" transform="scale(0.015625)"/>
        <path id="DejaVuSans-73" d="M 2834 3397 
L 2834 2853 
Q 2591 2978 2328 3040 
Q 2066 3103 1784 3103 
Q 1356 3103 1142 2972 
Q 928 2841 928 2578 
Q 928 2378 1081 2264 
Q 1234 2150 1697 2047 
L 1894 2003 
Q 2506 1872 2764 1633 
Q 3022 1394 3022 966 
Q 3022 478 2636 193 
Q 2250 -91 1575 -91 
Q 1294 -91 989 -36 
Q 684 19 347 128 
L 347 722 
Q 666 556 975 473 
Q 1284 391 1588 391 
Q 1994 391 2212 530 
Q 2431 669 2431 922 
Q 2431 1156 2273 1281 
Q 2116 1406 1581 1522 
L 1381 1569 
Q 847 1681 609 1914 
Q 372 2147 372 2553 
Q 372 3047 722 3315 
Q 1072 3584 1716 3584 
Q 2034 3584 2315 3537 
Q 2597 3491 2834 3397 
z
" transform="scale(0.015625)"/>
        <path id="DejaVuSans-66" d="M 2375 4863 
L 2375 4384 
L 1825 4384 
Q 1516 4384 1395 4259 
Q 1275 4134 1275 3809 
L 1275 3500 
L 2222 3500 
L 2222 3053 
L 1275 3053 
L 1275 0 
L 697 0 
L 697 3053 
L 147 3053 
L 147 3500 
L 697 3500 
L 697 3744 
Q 697 4328 969 4595 
Q 1241 4863 1831 4863 
L 2375 4863 
z
" transform="scale(0.015625)"/>
        <path id="DejaVuSans-6f" d="M 1959 3097 
Q 1497 3097 1228 2736 
Q 959 2375 959 1747 
Q 959 1119 1226 758 
Q 1494 397 1959 397 
Q 2419 397 2687 759 
Q 2956 1122 2956 1747 
Q 2956 2369 2687 2733 
Q 2419 3097 1959 3097 
z
M 1959 3584 
Q 2709 3584 3137 3096 
Q 3566 2609 3566 1747 
Q 3566 888 3137 398 
Q 2709 -91 1959 -91 
Q 1206 -91 779 398 
Q 353 888 353 1747 
Q 353 2609 779 3096 
Q 1206 3584 1959 3584 
z
" transform="scale(0.015625)"/>
        <path id="DejaVuSans-6d" d="M 3328 2828 
Q 3544 3216 3844 3400 
Q 4144 3584 4550 3584 
Q 5097 3584 5394 3201 
Q 5691 2819 5691 2113 
L 5691 0 
L 5113 0 
L 5113 2094 
Q 5113 2597 4934 2840 
Q 4756 3084 4391 3084 
Q 3944 3084 3684 2787 
Q 3425 2491 3425 1978 
L 3425 0 
L 2847 0 
L 2847 2094 
Q 2847 2600 2669 2842 
Q 2491 3084 2119 3084 
Q 1678 3084 1418 2786 
Q 1159 2488 1159 1978 
L 1159 0 
L 581 0 
L 581 3500 
L 1159 3500 
L 1159 2956 
Q 1356 3278 1631 3431 
Q 1906 3584 2284 3584 
Q 2666 3584 2933 3390 
Q 3200 3197 3328 2828 
z
" transform="scale(0.015625)"/>
        <path id="DejaVuSans-65" d="M 3597 1894 
L 3597 1613 
L 953 1613 
Q 991 1019 1311 708 
Q 1631 397 2203 397 
Q 2534 397 2845 478 
Q 3156 559 3463 722 
L 3463 178 
Q 3153 47 2828 -22 
Q 2503 -91 2169 -91 
Q 1331 -91 842 396 
Q 353 884 353 1716 
Q 353 2575 817 3079 
Q 1281 3584 2069 3584 
Q 2775 3584 3186 3129 
Q 3597 2675 3597 1894 
z
M 3022 2063 
Q 3016 2534 2758 2815 
Q 2500 3097 2075 3097 
Q 1594 3097 1305 2825 
Q 1016 2553 972 2059 
L 3022 2063 
z
" transform="scale(0.015625)"/>
       </defs>
       <use xlink:href="#DejaVuSans-54"/>
       <use xlink:href="#DejaVuSans-72" x="46.333984"/>
       <use xlink:href="#DejaVuSans-61" x="87.447266"/>
       <use xlink:href="#DejaVuSans-6e" x="148.726562"/>
       <use xlink:href="#DejaVuSans-73" x="212.105469"/>
       <use xlink:href="#DejaVuSans-66" x="264.205078"/>
       <use xlink:href="#DejaVuSans-6f" x="299.410156"/>
       <use xlink:href="#DejaVuSans-72" x="360.591797"/>
       <use xlink:href="#DejaVuSans-6d" x="399.955078"/>
       <use xlink:href="#DejaVuSans-65" x="497.367188"/>
       <use xlink:href="#DejaVuSans-72" x="558.890625"/>
      </g>
     </g>
    </g>
   </g>
   <g id="matplotlib.axis_2">
    <g id="ytick_1">
     <g id="line2d_6">
      <path d="M 235.611525 179.439227 
C 239.950029 179.439227 244.246346 180.293818 248.254601 181.954091 
C 252.262855 183.614364 255.905097 186.048033 258.972883 189.115818 
C 262.040668 192.183603 264.474336 195.825845 266.134609 199.8341 
C 267.794883 203.842354 268.649473 208.138671 268.649473 212.477175 
C 268.649473 216.815679 267.794883 221.111996 266.134609 225.12025 
C 264.474336 229.128505 262.040668 232.770747 258.972883 235.838532 
C 255.905097 238.906317 252.262855 241.339986 248.254601 243.000259 
C 244.246346 244.660532 239.950029 245.515123 235.611525 245.515123 
C 231.273022 245.515123 226.976705 244.660532 222.96845 243.000259 
C 218.960195 241.339986 215.317954 238.906317 212.250168 235.838532 
C 209.182383 232.770747 206.748715 229.128505 205.088441 225.12025 
C 203.428168 221.111996 202.573577 216.815679 202.573577 212.477175 
C 202.573577 208.138671 203.428168 203.842354 205.088441 199.8341 
C 206.748715 195.825845 209.182383 192.183603 212.250168 189.115818 
C 215.317954 186.048033 218.960195 183.614364 222.96845 181.954091 
C 226.976705 180.293818 231.273022 179.439227 235.611525 179.439227 
" clip-path="url(#p59fd468c95)" style="fill: none; stroke: #b0b0b0; stroke-width: 0.8; stroke-linecap: square"/>
     </g>
     <g id="text_6">
      <!-- 10 -->
      <g transform="translate(255.030744 183.669226)scale(0.1 -0.1)">
       <defs>
        <path id="DejaVuSans-31" d="M 794 531 
L 1825 531 
L 1825 4091 
L 703 3866 
L 703 4441 
L 1819 4666 
L 2450 4666 
L 2450 531 
L 3481 531 
L 3481 0 
L 794 0 
L 794 531 
z
" transform="scale(0.015625)"/>
        <path id="DejaVuSans-30" d="M 2034 4250 
Q 1547 4250 1301 3770 
Q 1056 3291 1056 2328 
Q 1056 1369 1301 889 
Q 1547 409 2034 409 
Q 2525 409 2770 889 
Q 3016 1369 3016 2328 
Q 3016 3291 2770 3770 
Q 2525 4250 2034 4250 
z
M 2034 4750 
Q 2819 4750 3233 4129 
Q 3647 3509 3647 2328 
Q 3647 1150 3233 529 
Q 2819 -91 2034 -91 
Q 1250 -91 836 529 
Q 422 1150 422 2328 
Q 422 3509 836 4129 
Q 1250 4750 2034 4750 
z
" transform="scale(0.015625)"/>
       </defs>
       <use xlink:href="#DejaVuSans-31"/>
       <use xlink:href="#DejaVuSans-30" x="63.623047"/>
      </g>
     </g>
    </g>
    <g id="ytick_2">
     <g id="line2d_7">
      <path d="M 235.611525 146.401279 
C 244.288533 146.401279 252.881167 148.11046 260.897676 151.431007 
C 268.914185 154.751554 276.198669 159.61889 282.33424 165.754461 
C 288.46981 171.890031 293.337147 179.174515 296.657693 187.191024 
C 299.97824 195.207534 301.687422 203.800168 301.687422 212.477175 
C 301.687422 221.154182 299.97824 229.746816 296.657693 237.763326 
C 293.337147 245.779835 288.46981 253.064319 282.33424 259.199889 
C 276.198669 265.33546 268.914185 270.202796 260.897676 273.523343 
C 252.881167 276.84389 244.288533 278.553071 235.611525 278.553071 
C 226.934518 278.553071 218.341884 276.84389 210.325375 273.523343 
C 202.308865 270.202796 195.024382 265.33546 188.888811 259.199889 
C 182.753241 253.064319 177.885904 245.779835 174.565357 237.763326 
C 171.24481 229.746816 169.535629 221.154182 169.535629 212.477175 
C 169.535629 203.800168 171.24481 195.207534 174.565357 187.191024 
C 177.885904 179.174515 182.753241 171.890031 188.888811 165.754461 
C 195.024382 159.61889 202.308865 154.751554 210.325375 151.431007 
C 218.341884 148.11046 226.934518 146.401279 235.611525 146.401279 
" clip-path="url(#p59fd468c95)" style="fill: none; stroke: #b0b0b0; stroke-width: 0.8; stroke-linecap: square"/>
     </g>
     <g id="text_7">
      <!-- 20 -->
      <g transform="translate(274.449963 156.940965)scale(0.1 -0.1)">
       <defs>
        <path id="DejaVuSans-32" d="M 1228 531 
L 3431 531 
L 3431 0 
L 469 0 
L 469 531 
Q 828 903 1448 1529 
Q 2069 2156 2228 2338 
Q 2531 2678 2651 2914 
Q 2772 3150 2772 3378 
Q 2772 3750 2511 3984 
Q 2250 4219 1831 4219 
Q 1534 4219 1204 4116 
Q 875 4013 500 3803 
L 500 4441 
Q 881 4594 1212 4672 
Q 1544 4750 1819 4750 
Q 2544 4750 2975 4387 
Q 3406 4025 3406 3419 
Q 3406 3131 3298 2873 
Q 3191 2616 2906 2266 
Q 2828 2175 2409 1742 
Q 1991 1309 1228 531 
z
" transform="scale(0.015625)"/>
       </defs>
       <use xlink:href="#DejaVuSans-32"/>
       <use xlink:href="#DejaVuSans-30" x="63.623047"/>
      </g>
     </g>
    </g>
    <g id="ytick_3">
     <g id="line2d_8">
      <path d="M 235.611525 113.363331 
C 248.627036 113.363331 261.515988 115.927103 273.540752 120.907923 
C 285.565516 125.888743 296.492241 133.189748 305.695597 142.393104 
C 314.898953 151.59646 322.199957 162.523185 327.180778 174.547949 
C 332.161598 186.572713 334.72537 199.461664 334.72537 212.477175 
C 334.72537 225.492686 332.161598 238.381637 327.180778 250.406401 
C 322.199957 262.431165 314.898953 273.35789 305.695597 282.561246 
C 296.492241 291.764602 285.565516 299.065607 273.540752 304.046427 
C 261.515988 309.027247 248.627036 311.591019 235.611525 311.591019 
C 222.596015 311.591019 209.707063 309.027247 197.682299 304.046427 
C 185.657535 299.065607 174.73081 291.764602 165.527454 282.561246 
C 156.324098 273.35789 149.023094 262.431165 144.042273 250.406401 
C 139.061453 238.381637 136.497681 225.492686 136.497681 212.477175 
C 136.497681 199.461664 139.061453 186.572713 144.042273 174.547949 
C 149.023094 162.523185 156.324098 151.59646 165.527454 142.393104 
C 174.73081 133.189748 185.657535 125.888743 197.682299 120.907923 
C 209.707063 115.927103 222.596015 113.363331 235.611525 113.363331 
" clip-path="url(#p59fd468c95)" style="fill: none; stroke: #b0b0b0; stroke-width: 0.8; stroke-linecap: square"/>
     </g>
     <g id="text_8">
      <!-- 30 -->
      <g transform="translate(293.869181 130.212703)scale(0.1 -0.1)">
       <defs>
        <path id="DejaVuSans-33" d="M 2597 2516 
Q 3050 2419 3304 2112 
Q 3559 1806 3559 1356 
Q 3559 666 3084 287 
Q 2609 -91 1734 -91 
Q 1441 -91 1130 -33 
Q 819 25 488 141 
L 488 750 
Q 750 597 1062 519 
Q 1375 441 1716 441 
Q 2309 441 2620 675 
Q 2931 909 2931 1356 
Q 2931 1769 2642 2001 
Q 2353 2234 1838 2234 
L 1294 2234 
L 1294 2753 
L 1863 2753 
Q 2328 2753 2575 2939 
Q 2822 3125 2822 3475 
Q 2822 3834 2567 4026 
Q 2313 4219 1838 4219 
Q 1578 4219 1281 4162 
Q 984 4106 628 3988 
L 628 4550 
Q 988 4650 1302 4700 
Q 1616 4750 1894 4750 
Q 2613 4750 3031 4423 
Q 3450 4097 3450 3541 
Q 3450 3153 3228 2886 
Q 3006 2619 2597 2516 
z
" transform="scale(0.015625)"/>
       </defs>
       <use xlink:href="#DejaVuSans-33"/>
       <use xlink:href="#DejaVuSans-30" x="63.623047"/>
      </g>
     </g>
    </g>
    <g id="ytick_4">
     <g id="line2d_9">
      <path d="M 235.611525 80.325383 
C 252.96554 80.325383 270.150808 83.743745 286.183827 90.384839 
C 302.216846 97.025933 316.785813 106.760605 329.056954 119.031746 
C 341.328095 131.302888 351.062768 145.871855 357.703862 161.904874 
C 364.344955 177.937892 367.763318 195.123161 367.763318 212.477175 
C 367.763318 229.831189 364.344955 247.016458 357.703862 263.049476 
C 351.062768 279.082495 341.328095 293.651462 329.056954 305.922604 
C 316.785813 318.193745 302.216846 327.928417 286.183827 334.569511 
C 270.150808 341.210605 252.96554 344.628967 235.611525 344.628967 
C 218.257511 344.628967 201.072243 341.210605 185.039224 334.569511 
C 169.006205 327.928417 154.437238 318.193745 142.166097 305.922604 
C 129.894956 293.651462 120.160283 279.082495 113.519189 263.049476 
C 106.878095 247.016458 103.459733 229.831189 103.459733 212.477175 
C 103.459733 195.123161 106.878095 177.937892 113.519189 161.904874 
C 120.160283 145.871855 129.894956 131.302888 142.166097 119.031746 
C 154.437238 106.760605 169.006205 97.025933 185.039224 90.384839 
C 201.072243 83.743745 218.257511 80.325383 235.611525 80.325383 
" clip-path="url(#p59fd468c95)" style="fill: none; stroke: #b0b0b0; stroke-width: 0.8; stroke-linecap: square"/>
     </g>
     <g id="text_9">
      <!-- 40 -->
      <g transform="translate(313.2884 103.484442)scale(0.1 -0.1)">
       <defs>
        <path id="DejaVuSans-34" d="M 2419 4116 
L 825 1625 
L 2419 1625 
L 2419 4116 
z
M 2253 4666 
L 3047 4666 
L 3047 1625 
L 3713 1625 
L 3713 1100 
L 3047 1100 
L 3047 0 
L 2419 0 
L 2419 1100 
L 313 1100 
L 313 1709 
L 2253 4666 
z
" transform="scale(0.015625)"/>
       </defs>
       <use xlink:href="#DejaVuSans-34"/>
       <use xlink:href="#DejaVuSans-30" x="63.623047"/>
      </g>
     </g>
    </g>
   </g>
   <g id="line2d_10">
    <path d="M 235.611525 145.305111 
L 288.597005 195.261149 
L 273.510059 264.640032 
L 170.608112 301.946698 
L 85.375744 163.66261 
" clip-path="url(#p59fd468c95)" style="fill: none; stroke: #00ff3e; stroke-linecap: square"/>
   </g>
   <g id="patch_4">
    <path d="M 235.611525 49.397175 
C 214.196056 49.397175 192.988825 53.615556 173.203511 61.810901 
C 153.418197 70.006246 135.439575 82.019178 120.296552 97.162201 
C 105.153528 112.305225 93.140597 130.283847 84.945251 150.069161 
C 76.749906 169.854475 72.531525 191.061706 72.531525 212.477175 
C 72.531525 233.892644 76.749906 255.099875 84.945251 274.885189 
C 93.140597 294.670503 105.153528 312.649125 120.296552 327.792149 
C 135.439575 342.935172 153.418197 354.948104 173.203511 363.143449 
C 192.988825 371.338794 214.196056 375.557175 235.611525 375.557175 
C 257.026995 375.557175 278.234226 371.338794 298.01954 363.143449 
C 317.804853 354.948104 335.783476 342.935172 350.926499 327.792149 
C 366.069523 312.649125 378.082454 294.670503 386.2778 274.885189 
C 394.473145 255.099875 398.691525 233.892644 398.691525 212.477175 
C 398.691525 191.061706 394.473145 169.854475 386.2778 150.069161 
C 378.082454 130.283847 366.069523 112.305225 350.926499 97.162201 
C 335.783476 82.019178 317.804853 70.006246 298.01954 61.810901 
C 278.234226 53.615556 257.026995 49.397175 235.611525 49.397175 
" style="fill: none; stroke: #000000; stroke-width: 0.8; stroke-linejoin: miter; stroke-linecap: square"/>
   </g>
   <g id="text_10">
    <!-- MSE Metrics  [x $10^{-2}$]  -->
    <g transform="translate(169.191525 17.304375)scale(0.12 -0.12)">
     <defs>
      <path id="DejaVuSans-45" d="M 628 4666 
L 3578 4666 
L 3578 4134 
L 1259 4134 
L 1259 2753 
L 3481 2753 
L 3481 2222 
L 1259 2222 
L 1259 531 
L 3634 531 
L 3634 0 
L 628 0 
L 628 4666 
z
" transform="scale(0.015625)"/>
      <path id="DejaVuSans-20" transform="scale(0.015625)"/>
      <path id="DejaVuSans-74" d="M 1172 4494 
L 1172 3500 
L 2356 3500 
L 2356 3053 
L 1172 3053 
L 1172 1153 
Q 1172 725 1289 603 
Q 1406 481 1766 481 
L 2356 481 
L 2356 0 
L 1766 0 
Q 1100 0 847 248 
Q 594 497 594 1153 
L 594 3053 
L 172 3053 
L 172 3500 
L 594 3500 
L 594 4494 
L 1172 4494 
z
" transform="scale(0.015625)"/>
      <path id="DejaVuSans-69" d="M 603 3500 
L 1178 3500 
L 1178 0 
L 603 0 
L 603 3500 
z
M 603 4863 
L 1178 4863 
L 1178 4134 
L 603 4134 
L 603 4863 
z
" transform="scale(0.015625)"/>
      <path id="DejaVuSans-63" d="M 3122 3366 
L 3122 2828 
Q 2878 2963 2633 3030 
Q 2388 3097 2138 3097 
Q 1578 3097 1268 2742 
Q 959 2388 959 1747 
Q 959 1106 1268 751 
Q 1578 397 2138 397 
Q 2388 397 2633 464 
Q 2878 531 3122 666 
L 3122 134 
Q 2881 22 2623 -34 
Q 2366 -91 2075 -91 
Q 1284 -91 818 406 
Q 353 903 353 1747 
Q 353 2603 823 3093 
Q 1294 3584 2113 3584 
Q 2378 3584 2631 3529 
Q 2884 3475 3122 3366 
z
" transform="scale(0.015625)"/>
      <path id="DejaVuSans-5b" d="M 550 4863 
L 1875 4863 
L 1875 4416 
L 1125 4416 
L 1125 -397 
L 1875 -397 
L 1875 -844 
L 550 -844 
L 550 4863 
z
" transform="scale(0.015625)"/>
      <path id="DejaVuSans-78" d="M 3513 3500 
L 2247 1797 
L 3578 0 
L 2900 0 
L 1881 1375 
L 863 0 
L 184 0 
L 1544 1831 
L 300 3500 
L 978 3500 
L 1906 2253 
L 2834 3500 
L 3513 3500 
z
" transform="scale(0.015625)"/>
      <path id="DejaVuSans-2212" d="M 678 2272 
L 4684 2272 
L 4684 1741 
L 678 1741 
L 678 2272 
z
" transform="scale(0.015625)"/>
      <path id="DejaVuSans-5d" d="M 1947 4863 
L 1947 -844 
L 622 -844 
L 622 -397 
L 1369 -397 
L 1369 4416 
L 622 4416 
L 622 4863 
L 1947 4863 
z
" transform="scale(0.015625)"/>
     </defs>
     <use xlink:href="#DejaVuSans-4d" transform="translate(0 0.765625)"/>
     <use xlink:href="#DejaVuSans-53" transform="translate(86.279297 0.765625)"/>
     <use xlink:href="#DejaVuSans-45" transform="translate(149.755859 0.765625)"/>
     <use xlink:href="#DejaVuSans-20" transform="translate(212.939453 0.765625)"/>
     <use xlink:href="#DejaVuSans-4d" transform="translate(244.726562 0.765625)"/>
     <use xlink:href="#DejaVuSans-65" transform="translate(331.005859 0.765625)"/>
     <use xlink:href="#DejaVuSans-74" transform="translate(392.529297 0.765625)"/>
     <use xlink:href="#DejaVuSans-72" transform="translate(431.738281 0.765625)"/>
     <use xlink:href="#DejaVuSans-69" transform="translate(472.851562 0.765625)"/>
     <use xlink:href="#DejaVuSans-63" transform="translate(500.634766 0.765625)"/>
     <use xlink:href="#DejaVuSans-73" transform="translate(555.615234 0.765625)"/>
     <use xlink:href="#DejaVuSans-20" transform="translate(607.714844 0.765625)"/>
     <use xlink:href="#DejaVuSans-20" transform="translate(639.501953 0.765625)"/>
     <use xlink:href="#DejaVuSans-5b" transform="translate(671.289062 0.765625)"/>
     <use xlink:href="#DejaVuSans-78" transform="translate(710.302734 0.765625)"/>
     <use xlink:href="#DejaVuSans-20" transform="translate(769.482422 0.765625)"/>
     <use xlink:href="#DejaVuSans-31" transform="translate(801.269531 0.765625)"/>
     <use xlink:href="#DejaVuSans-30" transform="translate(864.892578 0.765625)"/>
     <use xlink:href="#DejaVuSans-2212" transform="translate(929.472656 39.046875)scale(0.7)"/>
     <use xlink:href="#DejaVuSans-32" transform="translate(988.125 39.046875)scale(0.7)"/>
     <use xlink:href="#DejaVuSans-5d" transform="translate(1035.395508 0.765625)"/>
     <use xlink:href="#DejaVuSans-20" transform="translate(1074.40918 0.765625)"/>
    </g>
   </g>
  </g>
 </g>
 <defs>
  <clipPath id="p59fd468c95">
   <path d="M 398.691525 212.477175 
C 398.691525 191.061706 394.473145 169.854475 386.2778 150.069161 
C 378.082454 130.283847 366.069523 112.305225 350.926499 97.162201 
C 335.783476 82.019178 317.804853 70.006246 298.01954 61.810901 
C 278.234226 53.615556 257.026995 49.397175 235.611525 49.397175 
C 214.196056 49.397175 192.988825 53.615556 173.203511 61.810901 
C 153.418197 70.006246 135.439575 82.019178 120.296552 97.162201 
C 105.153528 112.305225 93.140597 130.283847 84.945251 150.069161 
C 76.749906 169.854475 72.531525 191.061706 72.531525 212.477175 
C 72.531525 233.892644 76.749906 255.099875 84.945251 274.885189 
C 93.140597 294.670503 105.153528 312.649125 120.296552 327.792149 
C 135.439575 342.935172 153.418197 354.948104 173.203511 363.143449 
C 192.988825 371.338794 214.196056 375.557175 235.611525 375.557175 
C 257.026995 375.557175 278.234226 371.338794 298.01954 363.143449 
C 317.804853 354.948104 335.783476 342.935172 350.926499 327.792149 
C 366.069523 312.649125 378.082454 294.670503 386.2778 274.885189 
C 394.473145 255.099875 398.691525 233.892644 398.691525 212.477175 
M 235.611525 212.477175 
C 235.611525 212.477175 235.611525 212.477175 235.611525 212.477175 
C 235.611525 212.477175 235.611525 212.477175 235.611525 212.477175 
C 235.611525 212.477175 235.611525 212.477175 235.611525 212.477175 
C 235.611525 212.477175 235.611525 212.477175 235.611525 212.477175 
C 235.611525 212.477175 235.611525 212.477175 235.611525 212.477175 
C 235.611525 212.477175 235.611525 212.477175 235.611525 212.477175 
C 235.611525 212.477175 235.611525 212.477175 235.611525 212.477175 
C 235.611525 212.477175 235.611525 212.477175 235.611525 212.477175 
C 235.611525 212.477175 235.611525 212.477175 235.611525 212.477175 
C 235.611525 212.477175 235.611525 212.477175 235.611525 212.477175 
C 235.611525 212.477175 235.611525 212.477175 235.611525 212.477175 
C 235.611525 212.477175 235.611525 212.477175 235.611525 212.477175 
C 235.611525 212.477175 235.611525 212.477175 235.611525 212.477175 
C 235.611525 212.477175 235.611525 212.477175 235.611525 212.477175 
C 235.611525 212.477175 235.611525 212.477175 235.611525 212.477175 
C 235.611525 212.477175 235.611525 212.477175 235.611525 212.477175 
M 398.691525 212.477175 
z
"/>
  </clipPath>
 </defs>
</svg>
