train|MSE;epoch
0.44707852602005005;0
0.03962375596165657;0
0.28090596199035645;0
0.5781856179237366;0
0.037694111466407776;0
0.11512100696563721;0
0.05500459671020508;0
0.18249312043190002;0
0.1509295403957367;0
0.06089460104703903;0
0.0815451517701149;0
0.07590289413928986;0
0.06520737707614899;0
0.022587975487113;0
0.1538286954164505;0
0.10431692749261856;1
0.027931857854127884;1
0.010849942453205585;1
0.012646431103348732;1
0.018242890015244484;1
0.02255004271864891;1
0.17503729462623596;1
0.054400183260440826;1
0.11319179832935333;1
0.08503152430057526;1
0.03498823940753937;1
0.05579039826989174;1
0.08189360797405243;1
0.03500884026288986;1
0.03292284905910492;1
0.02556219883263111;2
0.018013816326856613;2
0.030928412452340126;2
0.13460737466812134;2
0.13644376397132874;2
0.022026468068361282;2
0.20793581008911133;2
0.025056947022676468;2
0.02432246506214142;2
0.08390173316001892;2
0.06415343284606934;2
0.045160651206970215;2
0.08773401379585266;2
0.08778130263090134;2
0.04884533956646919;2
0.10114029049873352;3
0.05624819174408913;3
0.006806843914091587;3
0.012206902727484703;3
0.0973806157708168;3
0.0160667821764946;3
0.07959809899330139;3
0.1157248467206955;3
0.06972219794988632;3
0.19873113930225372;3
0.03383287787437439;3
0.04500522091984749;3
0.02050788328051567;3
0.06485745310783386;3
0.02734433114528656;3
0.17467337846755981;3
0.018217498436570168;4
0.043000638484954834;4
0.09736812859773636;4
0.009393038228154182;4
0.023778516799211502;4
0.012281389907002449;4
0.041649702936410904;4
0.0407106876373291;4
0.04639553278684616;4
0.03963618353009224;4
0.02852804586291313;4
0.07255695760250092;4
0.025178182870149612;4
0.052039213478565216;4
0.07701750099658966;4
0.02852528914809227;5
0.010137761011719704;5
0.014935709536075592;5
0.015896040946245193;5
0.009647971019148827;5
0.08702569454908371;5
0.024427739903330803;5
0.042741477489471436;5
0.049650609493255615;5
0.16956008970737457;5
0.04300260543823242;5
0.06306197494268417;5
0.14805324375629425;5
0.0527576319873333;5
0.0979488417506218;5
0.006148394662886858;6
0.010295117273926735;6
0.06747719645500183;6
0.282227486371994;6
0.025583788752555847;6
0.04780369997024536;6
0.09061825275421143;6
0.013778194785118103;6
0.06655490398406982;6
0.02812066674232483;6
0.025258906185626984;6
0.07580068707466125;6
0.026111871004104614;6
0.030486052855849266;6
0.04459334909915924;6
0.022666458040475845;6
0.019732395187020302;7
0.047116853296756744;7
0.06668024510145187;7
0.06395155936479568;7
0.009809615090489388;7
0.01286363136023283;7
0.0403885617852211;7
0.04476242512464523;7
0.026991868391633034;7
0.14107602834701538;7
0.05692659690976143;7
0.022821730002760887;7
0.12832719087600708;7
0.032722629606723785;7
0.032814644277095795;7
0.023014914244413376;8
0.14557881653308868;8
0.0044895317405462265;8
0.03243900090456009;8
0.024178151041269302;8
0.008034352213144302;8
0.04053827002644539;8
0.05701342225074768;8
0.029504258185625076;8
0.10405191034078598;8
0.0570383295416832;8
0.083230160176754;8
0.04999207705259323;8
0.0931929349899292;8
0.08693911135196686;8
0.02234400436282158;9
0.054640572518110275;9
0.009434029459953308;9
0.046950239688158035;9
0.05888327583670616;9
0.01990489289164543;9
0.016773615032434464;9
0.06624189764261246;9
0.048236727714538574;9
0.04518260806798935;9
0.08079873025417328;9
0.08167523145675659;9
0.033528268337249756;9
0.023625448346138;9
0.010219745337963104;9
0.010424214415252209;9
0.07052874565124512;10
0.008016342297196388;10
0.005145174451172352;10
0.16105744242668152;10
0.02833210676908493;10
0.009686619974672794;10
0.03490054979920387;10
0.06796251982450485;10
0.04398508369922638;10
0.05023784935474396;10
0.07695294916629791;10
0.03185637667775154;10
0.04632067307829857;10
0.02050582878291607;10
0.0278116837143898;10
0.10887062549591064;11
0.008590019308030605;11
0.008606708608567715;11
0.008628272451460361;11
0.019155297428369522;11
0.015583934262394905;11
0.11552514135837555;11
0.037622712552547455;11
0.027216579765081406;11
0.084304079413414;11
0.024468231946229935;11
0.04987797513604164;11
0.07196369767189026;11
0.030577069148421288;11
0.031533535569906235;11
0.01923389360308647;12
0.005899657495319843;12
0.03582039102911949;12
0.09754136204719543;12
0.1287163943052292;12
0.01593443565070629;12
0.11142202466726303;12
0.011206500232219696;12
0.03433379903435707;12
0.08121921122074127;12
0.035204511135816574;12
0.03653361648321152;12
0.08055786788463593;12
0.0853273868560791;12
0.025643249973654747;12
0.07987523823976517;13
0.05334370583295822;13
0.015242685563862324;13
0.005939382128417492;13
0.07320292294025421;13
0.010561862960457802;13
0.0798688679933548;13
0.08488605171442032;13
0.03586650639772415;13
0.13174602389335632;13
0.02884620428085327;13
0.019589759409427643;13
0.03931306302547455;13
0.04852134734392166;13
0.04373064637184143;13
0.15682215988636017;13
0.01557222194969654;14
0.019940588623285294;14
0.08448635041713715;14
0.014012967236340046;14
0.025512468069791794;14
0.01148439384996891;14
0.023581109941005707;14
0.03573131561279297;14
0.035471171140670776;14
0.028294941410422325;14
0.032415926456451416;14
0.07453815639019012;14
0.021391602233052254;14
0.05162617191672325;14
0.05419691279530525;14
0.014563526026904583;15
0.0038958522491157055;15
0.01565513014793396;15
0.006956811994314194;15
0.007167567033320665;15
0.05747315287590027;15
0.010140715166926384;15
0.06036101281642914;15
0.040383968502283096;15
0.12997683882713318;15
0.036954738199710846;15
0.06617141515016556;15
0.08197021484375;15
0.03883599862456322;15
0.11484384536743164;15
0.0053610289469361305;16
0.01474852953106165;16
0.04837065190076828;16
0.22385241091251373;16
0.016947254538536072;16
0.045878324657678604;16
0.06006631255149841;16
0.007640997879207134;16
0.057790469378232956;16
0.017841484397649765;16
0.017354914918541908;16
0.05846905708312988;16
0.019164875149726868;16
0.02724490687251091;16
0.047760121524333954;16
0.020518183708190918;16
0.013481581583619118;17
0.04362538456916809;17
0.06053617596626282;17
0.024199461564421654;17
0.007710842415690422;17
0.010333996266126633;17
0.007797683123499155;17
0.036914195865392685;17
0.02214931696653366;17
0.1352284550666809;17
0.04994317144155502;17
0.019276702776551247;17
0.12150605022907257;17
0.030622301623225212;17
0.028812095522880554;17
0.023878689855337143;18
0.13939833641052246;18
0.006453201174736023;18
0.019088072702288628;18
0.018024146556854248;18
0.0074759433045983315;18
0.04488895833492279;18
0.051538657397031784;18
0.025568543002009392;18
0.08501915633678436;18
0.05724473297595978;18
0.07423791289329529;18
0.038761887699365616;18
0.06740501523017883;18
0.035841695964336395;18
0.016494037583470345;19
0.03641368821263313;19
0.009016013704240322;19
0.0552886500954628;19
0.053928446024656296;19
0.013794970698654652;19
0.008294675499200821;19
0.07231445610523224;19
0.0423123873770237;19
0.03157605975866318;19
0.0787997841835022;19
0.07031670212745667;19
0.03608737140893936;19
0.022421184927225113;19
0.008811390027403831;19
0.010729489848017693;19
0.06434345245361328;20
0.009584703482687473;20
0.004162369295954704;20
0.15661805868148804;20
0.02649642340838909;20
0.004964740946888924;20
0.03644084185361862;20
0.040675416588783264;20
0.050693903118371964;20
0.044868871569633484;20
0.06716924160718918;20
0.05210825800895691;20
0.056954581290483475;20
0.024703986942768097;20
0.03097824566066265;20
0.09803642332553864;21
0.010596067644655704;21
0.005100857466459274;21
0.007794962730258703;21
0.010933903977274895;21
0.010544722899794579;21
0.06506369262933731;21
0.03732970356941223;21
0.033934157341718674;21
0.06479916721582413;21
0.025694087147712708;21
0.057157568633556366;21
0.06273365020751953;21
0.02332993596792221;21
0.031968120485544205;21
0.014355489984154701;22
0.009080782532691956;22
0.022783156484365463;22
0.08022605627775192;22
0.10630146414041519;22
0.014536857604980469;22
0.08979180455207825;22
0.00833439826965332;22
0.021246377378702164;22
0.079777792096138;22
0.033433057367801666;22
0.040087420493364334;22
0.07777673006057739;22
0.06950600445270538;22
0.02504556067287922;22
0.06943293660879135;23
0.05409461632370949;23
0.014488231390714645;23
0.005009763408452272;23
0.06814374029636383;23
0.00854098703712225;23
0.08093404769897461;23
0.06885841488838196;23
0.03203566372394562;23
0.11014167964458466;23
0.02751491591334343;23
0.03129078447818756;23
0.033704232424497604;23
0.055394403636455536;23
0.0515872985124588;23
0.133256733417511;23
0.009852803312242031;24
0.02095443569123745;24
0.07699599117040634;24
0.013892553746700287;24
0.011248894967138767;24
0.00990881584584713;24
0.017120130360126495;24
0.04806548357009888;24
0.03778529912233353;24
0.02792483940720558;24
0.026126831769943237;24
0.05652804300189018;24
0.016758881509304047;24
0.05101769417524338;24
0.06836386770009995;24
0.007885297760367393;25
0.006877949461340904;25
0.011193562299013138;25
0.005286897532641888;25
0.01046701893210411;25
0.048709139227867126;25
0.003860383527353406;25
0.0657828226685524;25
0.03323885053396225;25
0.13148276507854462;25
0.037104472517967224;25
0.0686173141002655;25
0.07491371035575867;25
0.03576624020934105;25
0.09059000760316849;25
0.007249472662806511;26
0.012315375730395317;26
0.04836258292198181;26
0.22316789627075195;26
0.014098402112722397;26
0.04682992026209831;26
0.04325671121478081;26
0.01058373972773552;26
0.04845216125249863;26
0.017078954726457596;26
0.015984201803803444;26
0.05393911898136139;26
0.01869671605527401;26
0.02205668017268181;26
0.041843801736831665;26
0.022640815004706383;26
0.012211328372359276;27
0.04487624391913414;27
0.059336282312870026;27
0.013806805945932865;27
0.005345309618860483;27
0.003905460238456726;27
0.005312577821314335;27
0.05130241811275482;27
0.02782401069998741;27
0.11791875213384628;27
0.05607805401086807;27
0.01702597551047802;27
0.10134419798851013;27
0.026015769690275192;27
0.029324617236852646;27
0.033456675708293915;28
0.12593704462051392;28
0.0034121451899409294;28
0.014444601722061634;28
0.02442019060254097;28
0.010147546418011189;28
0.03330324962735176;28
0.04727022349834442;28
0.027188517153263092;28
0.09234928339719772;28
0.054226022213697433;28
0.06394714117050171;28
0.04087522625923157;28
0.079261913895607;28
0.027498438954353333;28
0.02338515967130661;29
0.047167349606752396;29
0.005134670063853264;29
0.05283263698220253;29
0.04769492894411087;29
0.00965845212340355;29
0.0059270397759974;29
0.0617324523627758;29
0.04377385973930359;29
0.03687812760472298;29
0.07469727843999863;29
0.06428059935569763;29
0.03657641261816025;29
0.017659258097410202;29
0.015836592763662338;29
0.011903071776032448;29
0.06771634519100189;30
0.005159906577318907;30
0.005171793978661299;30
0.14017602801322937;30
0.02796981669962406;30
0.007524763233959675;30
0.03459053859114647;30
0.03573259711265564;30
0.043903715908527374;30
0.036662667989730835;30
0.05766085162758827;30
0.05266592279076576;30
0.049907997250556946;30
0.016818493604660034;30
0.0284686628729105;30
0.09144704788923264;31
0.007209582254290581;31
0.00288694491609931;31
0.007876030169427395;31
0.014470403082668781;31
0.012377839535474777;31
0.06889060139656067;31
0.028118707239627838;31
0.03763609752058983;31
0.07600181549787521;31
0.024247650057077408;31
0.050775084644556046;31
0.07400292903184891;31
0.023253126069903374;31
0.03304905444383621;31
0.010864654555916786;32
0.012133625335991383;32
0.02325369417667389;32
0.06895868480205536;32
0.09960923343896866;32
0.013481705449521542;32
0.0831582099199295;32
0.008823258802294731;32
0.018201131373643875;32
0.07126086950302124;32
0.03763089329004288;32
0.03989002853631973;32
0.07998836040496826;32
0.08392290025949478;32
0.020571619272232056;32
0.07862278074026108;33
0.045717447996139526;33
0.021639451384544373;33
0.005061829462647438;33
0.07836903631687164;33
0.010093624703586102;33
0.07911702990531921;33
0.06682901084423065;33
0.03524049371480942;33
0.11112217605113983;33
0.027083687484264374;33
0.027010038495063782;33
0.031568743288517;33
0.04162801802158356;33
0.05459529906511307;33
0.13431710004806519;33
0.008978551253676414;34
0.01969870924949646;34
0.053889356553554535;34
0.008368751034140587;34
0.010566790588200092;34
0.011035626754164696;34
0.01728999987244606;34
0.04200400039553642;34
0.05133764445781708;34
0.029869534075260162;34
0.03095734864473343;34
0.05433397367596626;34
0.018275022506713867;34
0.05027306079864502;34
0.0651814416050911;34
0.005115947686135769;35
0.004225951619446278;35
0.011713696643710136;35
0.009102258831262589;35
0.011738683097064495;35
0.0608692467212677;35
0.004123060964047909;35
0.05929582566022873;35
0.03623699024319649;35
0.0953943282365799;35
0.034201376140117645;35
0.057527169585227966;35
0.05803203955292702;35
0.02894006483256817;35
0.0745876133441925;35
0.004946037661284208;36
0.010009030811488628;36
0.040379393845796585;36
0.1988234668970108;36
0.013737259432673454;36
0.041004739701747894;36
0.04724080115556717;36
0.006181447766721249;36
0.05628761649131775;36
0.013119934126734734;36
0.01788436807692051;36
0.04513633996248245;36
0.019433826208114624;36
0.01757519505918026;36
0.04610919952392578;36
0.018490318208932877;36
0.012058738619089127;37
0.03782883659005165;37
0.04711557552218437;37
0.013365939259529114;37
0.006829558871686459;37
0.0027930657379329205;37
0.012639220803976059;37
0.046566322445869446;37
0.018262382596731186;37
0.11008627712726593;37
0.04901103675365448;37
0.022693321108818054;37
0.10419194400310516;37
0.03289640322327614;37
0.02168302610516548;37
0.02077626809477806;38
0.11330422759056091;38
0.005545681342482567;38
0.015973178669810295;38
0.022256052121520042;38
0.0065320394933223724;38
0.02588089182972908;38
0.037498146295547485;38
0.030703235417604446;38
0.07279178500175476;38
0.05125568062067032;38
0.06379900872707367;38
0.039221666753292084;38
0.06713057309389114;38
0.030605297535657883;38
0.017967667430639267;39
0.03803019970655441;39
0.006999949924647808;39
0.053156040608882904;39
0.04662707448005676;39
0.009570246562361717;39
0.008892349898815155;39
0.06567302346229553;39
0.043820492923259735;39
0.03467259183526039;39
0.061704277992248535;39
0.060562435537576675;39
0.03326721489429474;39
0.024657156318426132;39
0.014801057055592537;39
0.005795266013592482;39
0.0656207874417305;40
0.005104199983179569;40
0.0035708446521312;40
0.1295478343963623;40
0.03063129633665085;40
0.010657506063580513;40
0.03417377173900604;40
0.028900329023599625;40
0.043006137013435364;40
0.04389515519142151;40
0.04484263062477112;40
0.04682531952857971;40
0.045582883059978485;40
0.02001943811774254;40
0.03175488859415054;40
0.08863069862127304;41
0.006804549600929022;41
0.004116368480026722;41
0.008524497970938683;41
0.008465058170258999;41
0.010272917337715626;41
0.05711106210947037;41
0.03721001371741295;41
0.036783792078495026;41
0.06901364028453827;41
0.024977385997772217;41
0.048495903611183167;41
0.06678026169538498;41
0.01703963615000248;41
0.034058257937431335;41
0.009329105727374554;42
0.00715028028935194;42
0.027244316413998604;42
0.06991690397262573;42
0.11120131611824036;42
0.014863318763673306;42
0.08567119389772415;42
0.007797855418175459;42
0.011320604011416435;42
0.07235722988843918;42
0.0358283668756485;42
0.05204036831855774;42
0.0729442834854126;42
0.08014138787984848;42
0.023601248860359192;42
0.05263644456863403;43
0.03853296488523483;43
0.020529739558696747;43
0.002769122365862131;43
0.06530044972896576;43
0.0074951741844415665;43
0.06662359833717346;43
0.06242285668849945;43
0.03204217925667763;43
0.1026167944073677;43
0.025718070566654205;43
0.026062212884426117;43
0.03603699058294296;43
0.043001674115657806;43
0.0528813898563385;43
0.12634676694869995;43
0.009133217856287956;44
0.01649845764040947;44
0.05629438906908035;44
0.007236671168357134;44
0.006017012987285852;44
0.0048926277086138725;44
0.02218974567949772;44
0.030707672238349915;44
0.05443686991930008;44
0.029503973200917244;44
0.028535041958093643;44
0.053290955722332;44
0.01964317075908184;44
0.04269017279148102;44
0.06132841855287552;44
0.004121959675103426;45
0.0032268092036247253;45
0.0080649945884943;45
0.009064718149602413;45
0.007417677901685238;45
0.05439010262489319;45
0.006023725029081106;45
0.07044720649719238;45
0.0317818745970726;45
0.10783647000789642;45
0.03115912713110447;45
0.05938984826207161;45
0.05933638662099838;45
0.03659501671791077;45
0.07557111233472824;45
0.004535776562988758;46
0.009846101514995098;46
0.04401496797800064;46
0.1911046802997589;46
0.01020208653062582;46
0.0408811941742897;46
0.04336585849523544;46
0.007046704180538654;46
0.05502784252166748;46
0.01948733627796173;46
0.015282969921827316;46
0.04413415119051933;46
0.020988594740629196;46
0.023855943232774734;46
0.04891684278845787;46
0.020879589021205902;46
0.008023209869861603;47
0.03462769836187363;47
0.04594385251402855;47
0.006243351846933365;47
0.0037120883353054523;47
0.003852756693959236;47
0.005365894641727209;47
0.043503377586603165;47
0.01912698894739151;47
0.1300169825553894;47
0.05515532195568085;47
0.017234060913324356;47
0.10073476284742355;47
0.033210378140211105;47
0.024214744567871094;47
0.017795734107494354;48
0.09030012786388397;48
0.007467198651283979;48
0.010960433632135391;48
0.017044587060809135;48
0.003693148959428072;48
0.02700680121779442;48
0.03758252039551735;48
0.02385399118065834;48
0.08194833993911743;48
0.04863743111491203;48
0.05923616886138916;48
0.03813362121582031;48
0.06402035802602768;48
0.031130284070968628;48
0.01765521802008152;49
0.03698276728391647;49
0.006166780833154917;49
0.05455266684293747;49
0.035520076751708984;49
0.010794369503855705;49
0.008990573696792126;49
0.057311348617076874;49
0.04256351292133331;49
0.030124207958579063;49
0.06311661750078201;49
0.06486675143241882;49
0.04095077887177467;49
0.022331148386001587;49
0.02164650149643421;49
0.011154224164783955;49
0.05883442610502243;50
0.007003003731369972;50
0.0033993206452578306;50
0.12513183057308197;50
0.03271856904029846;50
0.010087473317980766;50
0.029702816158533096;50
0.029968418180942535;50
0.03443855047225952;50
0.037088170647621155;50
0.04190536588430405;50
0.04265713691711426;50
0.051337145268917084;50
0.015713224187493324;50
0.03553253412246704;50
0.07877844572067261;51
0.007345977239310741;51
0.005551115144044161;51
0.009277845732867718;51
0.008059520274400711;51
0.009847821667790413;51
0.05104970932006836;51
0.03672366589307785;51
0.03569571673870087;51
0.05807787925004959;51
0.024806633591651917;51
0.048096634447574615;51
0.0674825981259346;51
0.015538109466433525;51
0.03618398308753967;51
0.006096224766224623;52
0.005305201280862093;52
0.027969710528850555;52
0.057731207460165024;52
0.08963821828365326;52
0.013172809965908527;52
0.07871203124523163;52
0.009464765898883343;52
0.009776380844414234;52
0.06886109709739685;52
0.03385837376117706;52
0.044468946754932404;52
0.06986511498689651;52
0.06994481384754181;52
0.020980097353458405;52
0.05011780932545662;53
0.04780026897788048;53
0.025047514587640762;53
0.0030395733192563057;53
0.07314164936542511;53
0.006806757301092148;53
0.06706442683935165;53
0.05797829478979111;53
0.03476041555404663;53
0.07555001229047775;53
0.019704295322299004;53
0.03218210116028786;53
0.027820006012916565;53
0.03906530886888504;53
0.039895281195640564;53
0.11626745015382767;53
0.008928924798965454;54
0.014546402730047703;54
0.05586973577737808;54
0.006353877950459719;54
0.00580811221152544;54
0.008024925366044044;54
0.021480780094861984;54
0.028838902711868286;54
0.06038842350244522;54
0.027337804436683655;54
0.025412971153855324;54
0.053118593990802765;54
0.0255134180188179;54
0.03538281470537186;54
0.05632377415895462;54
0.003230928210541606;55
0.0040720924735069275;55
0.007762329187244177;55
0.008743714541196823;55
0.007636494468897581;55
0.04897580295801163;55
0.0026130767073482275;55
0.05514681711792946;55
0.02987009473145008;55
0.1106354296207428;55
0.03596479073166847;55
0.055843379348516464;55
0.05205470696091652;55
0.033892933279275894;55
0.05810833349823952;55
0.005240391008555889;56
0.01120778452605009;56
0.042671315371990204;56
0.1789628565311432;56
0.005545290187001228;56
0.04604285582900047;56
0.028879661113023758;56
0.00663868198171258;56
0.039785418659448624;56
0.012021686881780624;56
0.015318004414439201;56
0.04221830889582634;56
0.018621759489178658;56
0.018115565180778503;56
0.049213141202926636;56
0.01718340441584587;56
0.005870722699910402;57
0.0374363549053669;57
0.05828732252120972;57
0.006353323347866535;57
0.006489933934062719;57
0.0029775737784802914;57
0.005877318326383829;57
0.05080705136060715;57
0.017533527687191963;57
0.1210528314113617;57
0.050055086612701416;57
0.017123768106102943;57
0.08904106914997101;57
0.030476097017526627;57
0.023410452529788017;57
0.019310452044010162;58
0.07404611259698868;58
0.0037476608995348215;58
0.01124504953622818;58
0.013580798171460629;58
0.004398345947265625;58
0.02546512335538864;58
0.03324129804968834;58
0.027387896552681923;58
0.07672054320573807;58
0.05118605121970177;58
0.06275736540555954;58
0.040238156914711;58
0.05982668325304985;58
0.03588499873876572;58
0.018727954477071762;59
0.038246799260377884;59
0.008062304928898811;59
0.05125854164361954;59
0.03586399927735329;59
0.007907651364803314;59
0.006457678973674774;59
0.057387758046388626;59
0.03899720311164856;59
0.033503562211990356;59
0.06358210742473602;59
0.07130011171102524;59
0.03670330345630646;59
0.02098798379302025;59
0.008873889222741127;59
0.007114192936569452;59
0.054307498037815094;60
0.00786692462861538;60
0.0052023641765117645;60
0.10634157061576843;60
0.027709726244211197;60
0.00677196029573679;60
0.0311035867780447;60
0.028919558972120285;60
0.033121414482593536;60
0.03767814487218857;60
0.033938709646463394;60
0.05824248492717743;60
0.04852140694856644;60
0.015108622610569;60
0.040217965841293335;60
0.07125626504421234;61
0.005830456502735615;61
0.004310258198529482;61
0.009878721088171005;61
0.005104281008243561;61
0.011180642060935497;61
0.05192871391773224;61
0.03744681179523468;61
0.04077699035406113;61
0.05803713947534561;61
0.024925772100687027;61
0.04991511255502701;61
0.05796167254447937;61
0.015268773771822453;61
0.03297306224703789;61
0.004870929755270481;62
0.007946547120809555;62
0.020305780693888664;62
0.05239513888955116;62
0.09713876247406006;62
0.011787813156843185;62
0.07046686112880707;62
0.010931604541838169;62
0.007232678588479757;62
0.054312609136104584;62
0.0306380782276392;62
0.049633823335170746;62
0.07038088142871857;62
0.07057096064090729;62
0.02531035803258419;62
0.055713411420583725;63
0.040974680334329605;63
0.018365677446126938;63
0.0033424398861825466;63
0.061589330434799194;63
0.00456975819543004;63
0.06566974520683289;63
0.05060311779379845;63
0.035896606743335724;63
0.06516578793525696;63
0.025573089718818665;63
0.02373507246375084;63
0.02725902572274208;63
0.040105726569890976;63
0.03232499957084656;63
0.09929509460926056;63
0.00786787923425436;64
0.012078891508281231;64
0.053934771567583084;64
0.004732770379632711;64
0.007003555074334145;64
0.008585335686802864;64
0.02174902893602848;64
0.019920215010643005;64
0.053693920373916626;64
0.02832985483109951;64
0.028221996501088142;64
0.057549118995666504;64
0.02110029198229313;64
0.033972255885601044;64
0.05838865041732788;64
0.003438479732722044;65
0.005228742491453886;65
0.0023134462535381317;65
0.012068619951605797;65
0.007428119890391827;65
0.04241529852151871;65
0.003680545836687088;65
0.04819066449999809;65
0.03235691040754318;65
0.1016266867518425;65
0.03397798538208008;65
0.05542057007551193;65
0.04555019363760948;65
0.03045610524713993;65
0.04694133251905441;65
0.007649919018149376;66
0.007878025993704796;66
0.04477576166391373;66
0.1728406846523285;66
0.0105202104896307;66
0.03826373443007469;66
0.028424270451068878;66
0.006068398244678974;66
0.05279669910669327;66
0.019375093281269073;66
0.01671416126191616;66
0.03968606889247894;66
0.01683577336370945;66
0.01882733777165413;66
0.03804807737469673;66
0.024392228573560715;66
0.007263826206326485;67
0.029784947633743286;67
0.0416804701089859;67
0.006133160553872585;67
0.005775512661784887;67
0.0030476534739136696;67
0.005970695521682501;67
0.04006539657711983;67
0.020771829411387444;67
0.11278979480266571;67
0.06269605457782745;67
0.017663907259702682;67
0.07249242812395096;67
0.02839372307062149;67
0.023284513503313065;67
0.017048321664333344;68
0.07632461190223694;68
0.005439830478280783;68
0.013823200017213821;68
0.011492054909467697;68
0.0048790788277983665;68
0.023144330829381943;68
0.03332054242491722;68
0.026526451110839844;68
0.06531088054180145;68
0.04206852987408638;68
0.06124468147754669;68
0.03623201698064804;68
0.05169333517551422;68
0.030131328850984573;68
0.01783372089266777;69
0.036235928535461426;69
0.008048450574278831;69
0.061732739210128784;69
0.03288546949625015;69
0.008338676765561104;69
0.007093919441103935;69
0.056990232318639755;69
0.040389664471149445;69
0.028716644272208214;69
0.05779479816555977;69
0.07282092422246933;69
0.04364263638854027;69
0.029323402792215347;69
0.012996004894375801;69
0.008810331113636494;69
0.04521116614341736;70
0.0074022202752530575;70
0.005596946459263563;70
0.10320334136486053;70
0.026430075988173485;70
0.008162586018443108;70
0.027016811072826385;70
0.02953394502401352;70
0.030424432829022408;70
0.04017981141805649;70
0.0346846729516983;70
0.060938797891139984;70
0.05117939040064812;70
0.016214394941926003;70
0.03493845835328102;70
0.06749320775270462;71
0.0047836885787546635;71
0.003956770524382591;71
0.007468271069228649;71
0.007332516368478537;71
0.007848182693123817;71
0.04673634469509125;71
0.03710004687309265;71
0.04365916922688484;71
0.06010668724775314;71
0.025472616776823997;71
0.04073924198746681;71
0.06806877255439758;71
0.019701721146702766;71
0.02759503200650215;71
0.003633314510807395;72
0.006393836811184883;72
0.020222758874297142;72
0.03750118985772133;72
0.09191138297319412;72
0.013827911578118801;72
0.058865852653980255;72
0.006889208219945431;72
0.007011576555669308;72
0.0561094731092453;72
0.025296367704868317;72
0.06477904319763184;72
0.06883557140827179;72
0.0775696337223053;72
0.019355880096554756;72
0.05207851901650429;73
0.04515881836414337;73
0.015009237453341484;73
0.002243069000542164;73
0.06565862894058228;73
0.007948744110763073;73
0.06291234493255615;73
0.05702703818678856;73
0.032094843685626984;73
0.05625097453594208;73
0.02585398219525814;73
0.03193488344550133;73
0.02051418647170067;73
0.03813713416457176;73
0.03448020666837692;73
0.08943117409944534;73
0.006794814486056566;74
0.010742945596575737;74
0.04612906277179718;74
0.005518837831914425;74
0.006473203655332327;74
0.010481004603207111;74
0.019659044221043587;74
0.022272130474448204;74
0.06034528464078903;74
0.03326161578297615;74
0.03278103470802307;74
0.0473979115486145;74
0.021712500602006912;74
0.03861424699425697;74
0.04998771846294403;74
0.003290165914222598;75
0.0078465910628438;75
0.00299896951764822;75
0.011538844555616379;75
0.008261527866125107;75
0.03980058804154396;75
0.00449376692995429;75
0.03914570063352585;75
0.03573120757937431;75
0.09350939095020294;75
0.033623725175857544;75
0.043755944818258286;75
0.04470644146203995;75
0.032794464379549026;75
0.029550636187195778;75
0.005281856283545494;76
0.010634755715727806;76
0.037784263491630554;76
0.14901910722255707;76
0.005035180598497391;76
0.038873400539159775;76
0.030581723898649216;76
0.004618942737579346;76
0.04435684531927109;76
0.012378649786114693;76
0.01650610752403736;76
0.038534991443157196;76
0.013967158272862434;76
0.018921855837106705;76
0.038902342319488525;76
0.021625349298119545;76
0.0055836522951722145;77
0.03916836157441139;77
0.053313303738832474;77
0.009054804220795631;77
0.008743156678974628;77
0.0040930695831775665;77
0.004252082668244839;77
0.045977212488651276;77
0.019377049058675766;77
0.11712158471345901;77
0.05002104863524437;77
0.01561056636273861;77
0.08433999121189117;77
0.023493710905313492;77
0.03171680122613907;77
0.018933866173028946;78
0.06067653372883797;78
0.004947181791067123;78
0.010283077135682106;78
0.007267350796610117;78
0.0033151519019156694;78
0.02430770918726921;78
0.033119529485702515;78
0.02314436249434948;78
0.06234089285135269;78
0.039340853691101074;78
0.0574418343603611;78
0.03953678905963898;78
0.04765228554606438;78
0.0394786074757576;78
0.025431673973798752;79
0.03794904053211212;79
0.011230123229324818;79
0.0460612028837204;79
0.03200351819396019;79
0.008120803162455559;79
0.006145491264760494;79
0.053455471992492676;79
0.04205672815442085;79
0.03509685769677162;79
0.05089724063873291;79
0.06620948016643524;79
0.04372552037239075;79
0.02715173177421093;79
0.010785610415041447;79
0.00738919572904706;79
0.0511833019554615;80
0.004988186527043581;80
0.004470600746572018;80
0.08820156008005142;80
0.026616018265485764;80
0.005488825496286154;80
0.0282578244805336;80
0.03440405800938606;80
0.02619750238955021;80
0.03020659275352955;80
0.031037867069244385;80
0.06082240492105484;80
0.041178613901138306;80
0.01241757906973362;80
0.033527128398418427;80
0.059123262763023376;81
0.003958909306675196;81
0.00615657027810812;81
0.005954383872449398;81
0.007495221681892872;81
0.009546875953674316;81
0.037472981959581375;81
0.035727523267269135;81
0.0344291515648365;81
0.05554952472448349;81
0.02594796009361744;81
0.04774715006351471;81
0.055558942258358;81
0.01849726215004921;81
0.027199221774935722;81
0.0026748301461338997;82
0.003328259103000164;82
0.02196449413895607;82
0.04055433347821236;82
0.09719648957252502;82
0.016095871105790138;82
0.04713385924696922;82
0.007235987111926079;82
0.008150354959070683;82
0.053736843168735504;82
0.028858596459031105;82
0.060847435146570206;82
0.07682983577251434;82
0.07245577126741409;82
0.03008381836116314;82
0.05163046345114708;83
0.03492695093154907;83
0.014037012122571468;83
0.001998579129576683;83
0.0611310750246048;83
0.0076651666313409805;83
0.05236499756574631;83
0.058791808784008026;83
0.02861376851797104;83
0.05088147521018982;83
0.024827394634485245;83
0.022552480921149254;83
0.01984449103474617;83
0.04262217879295349;83
0.02330068126320839;83
0.08635307103395462;83
0.0070909056812524796;84
0.01233539916574955;84
0.0465637743473053;84
0.004683244042098522;84
0.011650568805634975;84
0.0051078470423817635;84
0.019754676148295403;84
0.018630821257829666;84
0.06025127321481705;84
0.02428457885980606;84
0.030626561492681503;84
0.03256048262119293;84
0.022037362679839134;84
0.033351704478263855;84
0.05485713109374046;84
0.0031769955530762672;85
0.006890884600579739;85
0.0018287270795553923;85
0.01578221656382084;85
0.007586883381009102;85
0.04861216992139816;85
0.004026777110993862;85
0.05420392006635666;85
0.032417118549346924;85
0.09385889768600464;85
0.03739094361662865;85
0.04443443566560745;85
0.04932739585638046;85
0.04001006484031677;85
0.0239412784576416;85
0.006831986829638481;86
0.00897960364818573;86
0.037243377417325974;86
0.14097191393375397;86
0.004751226864755154;86
0.034260060638189316;86
0.026838839054107666;86
0.004228566773235798;86
0.04434464871883392;86
0.012489167973399162;86
0.009160640649497509;86
0.03891204670071602;86
0.010598818771541119;86
0.01828010007739067;86
0.04083205759525299;86
0.023399826139211655;86
0.006107317749410868;87
0.03084973618388176;87
0.05444800481200218;87
0.00250170286744833;87
0.010046522133052349;87
0.00257469923235476;87
0.005456643644720316;87
0.03964102268218994;87
0.0173434317111969;87
0.12420754134654999;87
0.04734276235103607;87
0.014806365594267845;87
0.06266845762729645;87
0.024154823273420334;87
0.02732977643609047;87
0.019434794783592224;88
0.05422699451446533;88
0.003855963470414281;88
0.014468073844909668;88
0.006336626596748829;88
0.0073208287358284;88
0.029295463114976883;88
0.03702942281961441;88
0.023776307702064514;88
0.059221573173999786;88
0.03272361308336258;88
0.054644498974084854;88
0.034900374710559845;88
0.05503372102975845;88
0.038083016872406006;88
0.0169959869235754;89
0.0313025638461113;89
0.009213433600962162;89
0.0453140065073967;89
0.03094075247645378;89
0.006427339278161526;89
0.004070566967129707;89
0.04994788020849228;89
0.043280795216560364;89
0.03420249745249748;89
0.04754166305065155;89
0.06778918951749802;89
0.035654470324516296;89
0.03109547309577465;89
0.008705731481313705;89
0.004889463074505329;89
0.048705242574214935;90
0.007672041654586792;90
0.004576909355819225;90
0.06493686139583588;90
0.02615693397819996;90
0.004821050446480513;90
0.02815430797636509;90
0.030423320829868317;90
0.03242461010813713;90
0.025964129716157913;90
0.0331474207341671;90
0.06282181292772293;90
0.05729875713586807;90
0.01122877188026905;90
0.04235456511378288;90
0.05999401956796646;91
0.004307379014790058;91
0.0036466908641159534;91
0.003360217437148094;91
0.004441533703356981;91
0.009591348469257355;91
0.034887753427028656;91
0.039654914289712906;91
0.035084545612335205;91
0.05084080249071121;91
0.02554686740040779;91
0.041645266115665436;91
0.05949968472123146;91
0.012122124433517456;91
0.02932823821902275;91
0.004515940323472023;92
0.005876997485756874;92
0.023549677804112434;92
0.03265568986535072;92
0.09878399968147278;92
0.012385394424200058;92
0.03840736299753189;92
0.006406987551599741;92
0.009650422260165215;92
0.04163653403520584;92
0.02682557888329029;92
0.04592914134263992;92
0.06885696947574615;92
0.07943505048751831;92
0.019680332392454147;92
0.05297183245420456;93
0.03745950385928154;93
0.009748995304107666;93
0.002427842002362013;93
0.06624925136566162;93
0.006085516884922981;93
0.05754798650741577;93
0.061703573912382126;93
0.030619824305176735;93
0.04982481151819229;93
0.026149431243538857;93
0.021575048565864563;93
0.01758629083633423;93
0.034184087067842484;93
0.022341083735227585;93
0.05540910363197327;93
0.008896471001207829;94
0.01199375744909048;94
0.04386555776000023;94
0.00439884839579463;94
0.005598972551524639;94
0.014739296399056911;94
0.020136795938014984;94
0.017637234181165695;94
0.07425877451896667;94
0.021740205585956573;94
0.029453400522470474;94
0.04150222986936569;94
0.016214771196246147;94
0.038242001086473465;94
0.05854535475373268;94
0.002782076131552458;95
0.005787498317658901;95
0.002040595281869173;95
0.013048095628619194;95
0.00788046233355999;95
0.045582644641399384;95
0.004871495068073273;95
0.05189460515975952;95
0.04241153597831726;95
0.08875627815723419;95
0.03355971723794937;95
0.03947332873940468;95
0.05304118990898132;95
0.03293702006340027;95
0.023785607889294624;95
0.003888404229655862;96
0.006874837912619114;96
0.03507402166724205;96
0.12939725816249847;96
0.005273920483887196;96
0.04194547235965729;96
0.03318930044770241;96
0.009501159191131592;96
0.03875039145350456;96
0.01168375089764595;96
0.01185537874698639;96
0.03869630768895149;96
0.010770314373075962;96
0.022781914100050926;96
0.03537628799676895;96
0.023832503706216812;96
0.006494839675724506;97
0.030558709055185318;97
0.053333476185798645;97
0.006323589012026787;97
0.006565281189978123;97
0.0024774293415248394;97
0.008292598649859428;97
0.04304364323616028;97
0.01599235273897648;97
0.10654208809137344;97
0.043754130601882935;97
0.01889706589281559;97
0.06682358682155609;97
0.021290674805641174;97
0.024442745372653008;97
0.01663498394191265;98
0.05026797950267792;98
0.004416050389409065;98
0.013822621665894985;98
0.005514294374734163;98
0.00455487659201026;98
0.026783982291817665;98
0.026960168033838272;98
0.02315353974699974;98
0.06604637950658798;98
0.0458989143371582;98
0.053533799946308136;98
0.036031633615493774;98
0.05271613225340843;98
0.03824048489332199;98
0.02101496234536171;99
0.03382633253931999;99
0.011303885839879513;99
0.04293196275830269;99
0.03261466324329376;99
0.0065409294329583645;99
0.004586338996887207;99
0.04128154739737511;99
0.04713383689522743;99
0.028982236981391907;99
0.049612198024988174;99
0.06024375557899475;99
0.032536886632442474;99
0.034646712243556976;99
0.011911798268556595;99
0.003824981627985835;99
0.04741913080215454;100
0.003552519716322422;100
0.005378450267016888;100
0.06897355616092682;100
0.029041152447462082;100
0.003878355026245117;100
0.02683044970035553;100
0.029585110023617744;100
0.023062463849782944;100
0.028279948979616165;100
0.03182715177536011;100
0.057107988744974136;100
0.04971972852945328;100
0.011326967738568783;100
0.0301080159842968;100
0.05719057470560074;101
0.006185332778841257;101
0.0030768373981118202;101
0.0038592773489654064;101
0.006686503998935223;101
0.009842079132795334;101
0.02162754535675049;101
0.03493114560842514;101
0.038528915494680405;101
0.04228023439645767;101
0.025684703141450882;101
0.04255774989724159;101
0.059206221252679825;101
0.015484204515814781;101
0.03147698938846588;101
0.004586650058627129;102
0.006342676002532244;102
0.017808685079216957;102
0.029301587492227554;102
0.09066573530435562;102
0.012838548980653286;102
0.04673042148351669;102
0.007371160201728344;102
0.0072997743263840675;102
0.04514860734343529;102
0.033723533153533936;102
0.055877938866615295;102
0.0545019768178463;102
0.08258005976676941;102
0.021913893520832062;102
0.039230503141880035;103
0.03426440805196762;103
0.006869368255138397;103
0.003392608370631933;103
0.056410305202007294;103
0.0059465328231453896;103
0.05672822147607803;103
0.05737067386507988;103
0.03524468466639519;103
0.03713912516832352;103
0.021959293633699417;103
0.020155731588602066;103
0.01725153997540474;103
0.03821466490626335;103
0.022410623729228973;103
0.054673098027706146;103
0.0084849176928401;104
0.015168357640504837;104
0.04353373870253563;104
0.004670202732086182;104
0.00621001236140728;104
0.005187886767089367;104
0.015850143507122993;104
0.017897525802254677;104
0.07857172191143036;104
0.02271532453596592;104
0.03332030773162842;104
0.03401091322302818;104
0.018546920269727707;104
0.02799162082374096;104
0.05137612670660019;104
0.004837507382035255;105
0.005056345835328102;105
0.0023187780752778053;105
0.014215294271707535;105
0.0060883089900016785;105
0.03938622772693634;105
0.004353645257651806;105
0.04516473039984703;105
0.02996152453124523;105
0.08697018027305603;105
0.029266610741615295;105
0.034962818026542664;105
0.04616384208202362;105
0.041617147624492645;105
0.03169313818216324;105
0.007709873840212822;106
0.00820960197597742;106
0.03386626020073891;106
0.12051759660243988;106
0.008705753833055496;106
0.030624499544501305;106
0.02850661613047123;106
0.005463563837110996;106
0.044070929288864136;106
0.012773885391652584;106
0.006753962486982346;106
0.03605267405509949;106
0.01362262386828661;106
0.019881654530763626;106
0.027632785961031914;106
0.016116462647914886;106
0.006688518915325403;107
0.04002675414085388;107
0.0461759977042675;107
0.00322229927405715;107
0.009629655629396439;107
0.0024787334259599447;107
0.0046671428717672825;107
0.03157423436641693;107
0.013228734955191612;107
0.10852380841970444;107
0.04058649390935898;107
0.019756045192480087;107
0.07306089997291565;107
0.019826114177703857;107
0.02347109466791153;107
0.014707749709486961;108
0.04040952026844025;108
0.004008576273918152;108
0.008841419592499733;108
0.004374752286821604;108
0.005283461418002844;108
0.027447689324617386;108
0.02571786940097809;108
0.019929584115743637;108
0.06140611693263054;108
0.04480064660310745;108
0.05619926005601883;108
0.029178131371736526;108
0.044922031462192535;108
0.038981568068265915;108
0.017830708995461464;109
0.03317924216389656;109
0.010164625942707062;109
0.047804977744817734;109
0.029534962028265;109
0.006396000739187002;109
0.003682765644043684;109
0.043012991547584534;109
0.036718662828207016;109
0.029272526502609253;109
0.05349598824977875;109
0.06331124901771545;109
0.03035910613834858;109
0.04705304652452469;109
0.01051042228937149;109
0.0058786566369235516;109
0.04128827154636383;110
0.005152472294867039;110
0.0047636134549975395;110
0.05604838952422142;110
0.026808196678757668;110
0.0034555839374661446;110
0.027715597301721573;110
0.027140967547893524;110
0.028461379930377007;110
0.01889624260365963;110
0.029999220743775368;110
0.055794380605220795;110
0.04486656188964844;110
0.0092221824452281;110
0.028029335662722588;110
0.04855063185095787;111
0.005348650738596916;111
0.0023814798332750797;111
0.0021798061206936836;111
0.009845469146966934;111
0.007944322191178799;111
0.022749876603484154;111
0.035588160157203674;111
0.04008052498102188;111
0.04682369530200958;111
0.025771498680114746;111
0.04353504627943039;111
0.05381648987531662;111
0.014218516647815704;111
0.02333582192659378;111
0.0028850354719907045;112
0.0032977713271975517;112
0.017391851171851158;112
0.028316374868154526;112
0.08419909328222275;112
0.012310458347201347;112
0.031917162239551544;112
0.006311431061476469;112
0.007811729330569506;112
0.04203754663467407;112
0.03390010446310043;112
0.04986366257071495;112
0.05904906615614891;112
0.07802458107471466;112
0.025651387870311737;112
0.042826276272535324;113
0.03530820459127426;113
0.004797224886715412;113
0.003159391926601529;113
0.061015091836452484;113
0.005203921347856522;113
0.055113404989242554;113
0.05874873697757721;113
0.02917795069515705;113
0.04561205208301544;113
0.020413879305124283;113
0.02195400558412075;113
0.015729360282421112;113
0.0357675701379776;113
0.020188644528388977;113
0.04559840261936188;113
0.009958713315427303;114
0.015847422182559967;114
0.03481650352478027;114
0.004270550794899464;114
0.006769619882106781;114
0.01179297361522913;114
0.017344800755381584;114
0.019861210137605667;114
0.07635200023651123;114
0.025966200977563858;114
0.02836412563920021;114
0.037159450352191925;114
0.014071593061089516;114
0.03080819547176361;114
0.04704839736223221;114
0.0028605321422219276;115
0.00625239685177803;115
0.003735759062692523;115
0.01342026051133871;115
0.007843994535505772;115
0.04255278408527374;115
0.0052582579664886;115
0.05264400318264961;115
0.03450939059257507;115
0.08170413970947266;115
0.03539241477847099;115
0.04051152616739273;115
0.04139126092195511;115
0.03251379355788231;115
0.026094691827893257;115
0.0036852865014225245;116
0.007576446980237961;116
0.03560760244727135;116
0.11895996332168579;116
0.007180982269346714;116
0.03333556279540062;116
0.030508331954479218;116
0.008923262357711792;116
0.04224342852830887;116
0.009428417310118675;116
0.011660683900117874;116
0.030691122636198997;116
0.01178715005517006;116
0.022926311939954758;116
0.027624942362308502;116
0.022938799113035202;116
0.004424142651259899;117
0.026605190709233284;117
0.05522260442376137;117
0.0055130901746451855;117
0.0088251493871212;117
0.00169186235871166;117
0.006071547977626324;117
0.03196988254785538;117
0.015065856277942657;117
0.11673921346664429;117
0.048300471156835556;117
0.02539544552564621;117
0.06238517910242081;117
0.01738906092941761;117
0.016932766884565353;117
0.012114141136407852;118
0.03441312536597252;118
0.003617610316723585;118
0.011876855045557022;118
0.004760583862662315;118
0.00431032944470644;118
0.02391737699508667;118
0.022570163011550903;118
0.020706621930003166;118
0.0584024153649807;118
0.04012192413210869;118
0.04561945050954819;118
0.03577841445803642;118
0.04463409632444382;118
0.03503482788801193;118
0.02161276340484619;119
0.026759201660752296;119
0.009767606854438782;119
0.03931617736816406;119
0.029481541365385056;119
0.005858615506440401;119
0.0061112213879823685;119
0.037024740129709244;119
0.03820442408323288;119
0.031574469059705734;119
0.04875815659761429;119
0.06198275089263916;119
0.04036211222410202;119
0.043144918978214264;119
0.01459769532084465;119
0.006497775204479694;119
0.03419094160199165;120
0.004957468248903751;120
0.005259611643850803;120
0.0629740059375763;120
0.027174780145287514;120
0.0041952189058065414;120
0.030530449002981186;120
0.02235093154013157;120
0.030409935861825943;120
0.018662067130208015;120
0.026200566440820694;120
0.049636103212833405;120
0.050615258514881134;120
0.01080256700515747;120
0.03241005539894104;120
0.04272943735122681;121
0.003329956205561757;121
0.0031350809149444103;121
0.0025403467006981373;121
0.006782893091440201;121
0.01105155423283577;121
0.01864222064614296;121
0.037881575524806976;121
0.037423573434352875;121
0.05011264979839325;121
0.024215200915932655;121
0.0480947345495224;121
0.05293792858719826;121
0.013609969057142735;121
0.027239078655838966;121
0.00209609093144536;122
0.003140599001199007;122
0.017052246257662773;122
0.020010706037282944;122
0.0754898190498352;122
0.012839151546359062;122
0.0320756696164608;122
0.00461020041257143;122
0.007418491877615452;122
0.04118190333247185;122
0.03601823374629021;122
0.05046211928129196;122
0.05983002856373787;122
0.07843821495771408;122
0.02115316316485405;122
0.03667031228542328;123
0.03368870168924332;123
0.003434378420934081;123
0.0022090577986091375;123
0.06639339029788971;123
0.007020454853773117;123
0.06246734783053398;123
0.05211252346634865;123
0.035506244748830795;123
0.04647299647331238;123
0.027149464935064316;123
0.020887207239866257;123
0.018153764307498932;123
0.03349714353680611;123
0.024804748594760895;123
0.04190930351614952;123
0.009238237515091896;124
0.01361778937280178;124
0.03486747294664383;124
0.004853358957916498;124
0.0075630489736795425;124
0.00563689973205328;124
0.018205992877483368;124
0.015804491937160492;124
0.06623759865760803;124
0.027640048414468765;124
0.028870850801467896;124
0.027461007237434387;124
0.016092058271169662;124
0.033881619572639465;124
0.048505522310733795;124
0.003729702439159155;125
0.005431412719190121;125
0.0028937077149748802;125
0.011529753915965557;125
0.004518821369856596;125
0.039485227316617966;125
0.005166864022612572;125
0.04567056521773338;125
0.02854068949818611;125
0.07361471652984619;125
0.031931322067976;125
0.03296031802892685;125
0.04690956324338913;125
0.03227582573890686;125
0.02461385540664196;125
0.00801948830485344;126
0.006731030531227589;126
0.03851412981748581;126
0.10220149159431458;126
0.0047189476899802685;126
0.03345732018351555;126
0.025596339255571365;126
0.007110754959285259;126
0.038605865091085434;126
0.01125328615307808;126
0.008960310369729996;126
0.03455930948257446;126
0.011426050215959549;126
0.01637944020330906;126
0.02952633984386921;126
0.017516735941171646;126
0.00353547977283597;127
0.02167777717113495;127
0.047104571014642715;127
0.0028554005548357964;127
0.009146323427557945;127
0.001749733928591013;127
0.004542755428701639;127
0.034075234085321426;127
0.014531867578625679;127
0.09687532484531403;127
0.0421331487596035;127
0.02049701288342476;127
0.06171687692403793;127
0.017061710357666016;127
0.019162923097610474;127
0.01156894862651825;128
0.028643950819969177;128
0.004662363324314356;128
0.008122038096189499;128
0.004981315694749355;128
0.0029344959184527397;128
0.02105110138654709;128
0.02781115472316742;128
0.019913099706172943;128
0.04923737421631813;128
0.03739133104681969;128
0.04084780067205429;128
0.03545628488063812;128
0.04703957214951515;128
0.03269222378730774;128
0.014292105101048946;129
0.03753352910280228;129
0.008289355784654617;129
0.0444650836288929;129
0.026974773034453392;129
0.006730159744620323;129
0.004733181558549404;129
0.03985469043254852;129
0.040313731878995895;129
0.037836913019418716;129
0.052663952112197876;129
0.06419245898723602;129
0.039235103875398636;129
0.03363232687115669;129
0.008007651194930077;129
0.0043554771691560745;129
0.0365922749042511;130
0.004856819286942482;130
0.004342528060078621;130
0.06684949994087219;130
0.026847144588828087;130
0.003133097430691123;130
0.02493385039269924;130
0.028036072850227356;130
0.02851145528256893;130
0.018912525847554207;130
0.03437453508377075;130
0.05958558991551399;130
0.051316551864147186;130
0.009166102856397629;130
0.026354268193244934;130
0.027614034712314606;131
0.00507894903421402;131
0.0032567139714956284;131
0.002377116121351719;131
0.004547763615846634;131
0.009683888405561447;131
0.024010274559259415;131
0.04006607085466385;131
0.03274845331907272;131
0.044892825186252594;131
0.021811513230204582;131
0.042604170739650726;131
0.05695988982915878;131
0.014614688232541084;131
0.02788570150732994;131
0.002780156210064888;132
0.004306326620280743;132
0.015400021336972713;132
0.0170021690428257;132
0.08332433551549911;132
0.01564003713428974;132
0.029263801872730255;132
0.003952025901526213;132
0.00882156752049923;132
0.04036574810743332;132
0.03560403734445572;132
0.04260287806391716;132
0.0525573194026947;132
0.07461924850940704;132
0.02611294388771057;132
0.0374770388007164;133
0.03732549026608467;133
0.005392076447606087;133
0.004527055658400059;133
0.0697159394621849;133
0.0070485807955265045;133
0.04691385477781296;133
0.05115106701850891;133
0.028688685968518257;133
0.03889668360352516;133
0.02502376027405262;133
0.02180996537208557;133
0.016108877956867218;133
0.031860366463661194;133
0.016971420496702194;133
0.0353885255753994;133
0.008996713906526566;134
0.013589954003691673;134
0.033443499356508255;134
0.005708648357540369;134
0.006231494247913361;134
0.010901517234742641;134
0.016333788633346558;134
0.024460991844534874;134
0.06725499033927917;134
0.01973947323858738;134
0.024484887719154358;134
0.03194422647356987;134
0.019028449431061745;134
0.03292110562324524;134
0.044434886425733566;134
0.0045165857300162315;135
0.005121211521327496;135
0.0027206188533455133;135
0.013349778950214386;135
0.004439009353518486;135
0.03923368453979492;135
0.0027673349250108004;135
0.05635213106870651;135
0.028546616435050964;135
0.09383901953697205;135
0.03341116011142731;135
0.034023649990558624;135
0.04361700266599655;135
0.02996448054909706;135
0.03636790066957474;135
0.006223471835255623;136
0.005930193699896336;136
0.029791463166475296;136
0.097571462392807;136
0.007191270589828491;136
0.023460056632757187;136
0.026620836928486824;136
0.011466625146567822;136
0.04368436336517334;136
0.007367482874542475;136
0.010545359924435616;136
0.03385922312736511;136
0.01252690702676773;136
0.02267443761229515;136
0.03258444368839264;136
0.018928200006484985;136
0.0038934405893087387;137
0.028232760727405548;137
0.049643997102975845;137
0.006608474068343639;137
0.01071449276059866;137
0.0019015546422451735;137
0.008601414039731026;137
0.022167811170220375;137
0.015046210028231144;137
0.10041788220405579;137
0.04275115951895714;137
0.013088223524391651;137
0.05567288398742676;137
0.01590750552713871;137
0.018031565472483635;137
0.010160142555832863;138
0.026878776028752327;138
0.0025679077953100204;138
0.015515233390033245;138
0.0067815883085131645;138
0.003927425481379032;138
0.02451174333691597;138
0.028946835547685623;138
0.018078066408634186;138
0.05644148588180542;138
0.03706604614853859;138
0.05304424464702606;138
0.03022901713848114;138
0.041845936328172684;138
0.0342240184545517;138
0.018664009869098663;139
0.03246128931641579;139
0.008553139865398407;139
0.043844074010849;139
0.020755842328071594;139
0.005435521714389324;139
0.0053023891523480415;139
0.040806472301483154;139
0.0405254028737545;139
0.02552034705877304;139
0.045295022428035736;139
0.07423734664916992;139
0.028030486777424812;139
0.03653910756111145;139
0.005270314868539572;139
0.006713602691888809;139
0.036773309111595154;140
0.004093049094080925;140
0.006321164313703775;140
0.0672597736120224;140
0.025737563148140907;140
0.0026040668599307537;140
0.02332613244652748;140
0.025456778705120087;140
0.03014516830444336;140
0.021496446803212166;140
0.03127013146877289;140
0.05160682648420334;140
0.039802998304367065;140
0.01139147114008665;140
0.023011859506368637;140
0.023351214826107025;141
0.004295775201171637;141
0.002301932079717517;141
0.003415317740291357;141
0.004353201482445002;141
0.008779680356383324;141
0.02064952626824379;141
0.0374133363366127;141
0.028284821659326553;141
0.04086935520172119;141
0.026934456080198288;141
0.04232260584831238;141
0.046782784163951874;141
0.014572164975106716;141
0.03250354900956154;141
0.0035967594012618065;142
0.003676085267215967;142
0.01321731973439455;142
0.012422602623701096;142
0.07837633043527603;142
0.012976188212633133;142
0.027298595756292343;142
0.005874691531062126;142
0.009134258143603802;142
0.03491722792387009;142
0.03248589485883713;142
0.045910321176052094;142
0.05240105837583542;142
0.0777890756726265;142
0.027511095628142357;142
0.03308841586112976;143
0.03294612094759941;143
0.004467619117349386;143
0.0019785405602306128;143
0.061252154409885406;143
0.005628878250718117;143
0.05610329657793045;143
0.053488098084926605;143
0.0324426107108593;143
0.038146793842315674;143
0.023431949317455292;143
0.019214238971471786;143
0.017660347744822502;143
0.03210131824016571;143
0.01899074763059616;143
0.03214776888489723;143
0.008046222850680351;144
0.018615026026964188;144
0.025645695626735687;144
0.006134207360446453;144
0.005184593610465527;144
0.007335608825087547;144
0.01711515337228775;144
0.021256450563669205;144
0.05495213717222214;144
0.02007926255464554;144
0.02884685806930065;144
0.02825663611292839;144
0.018876319751143456;144
0.03603651374578476;144
0.04914424195885658;144
0.0034714997746050358;145
0.008320476859807968;145
0.002177497372031212;145
0.012811114080250263;145
0.005772315431386232;145
0.03676149994134903;145
0.003824034705758095;145
0.042065106332302094;145
0.028923217207193375;145
0.08211532980203629;145
0.032762713730335236;145
0.03509295731782913;145
0.04955587536096573;145
0.03595544397830963;145
0.02844495140016079;145
0.005418408662080765;146
0.006731108762323856;146
0.02709171734750271;146
0.08351008594036102;146
0.007070122752338648;146
0.022689878940582275;146
0.023945149034261703;146
0.010429179295897484;146
0.03979600593447685;146
0.009125767275691032;146
0.012793680652976036;146
0.0321076437830925;146
0.0127947386354208;146
0.0211633313447237;146
0.027728121727705002;146
0.02042919397354126;146
0.004520709626376629;147
0.024898042902350426;147
0.04994983971118927;147
0.0051871538162231445;147
0.009489217773079872;147
0.001656391192227602;147
0.006842910777777433;147
0.024137822911143303;147
0.015956155955791473;147
0.0924409031867981;147
0.045320063829422;147
0.022290285676717758;147
0.048910126090049744;147
0.016418680548667908;147
0.021311018615961075;147
0.0077796438708901405;148
0.023716222494840622;148
0.0048627955839037895;148
0.008933251723647118;148
0.004342344123870134;148
0.0038535185158252716;148
0.02530263364315033;148
0.021393341943621635;148
0.022021926939487457;148
0.05397941172122955;148
0.03452873229980469;148
0.04616248980164528;148
0.02667410671710968;148
0.0402371846139431;148
0.03193570300936699;148
0.01620355248451233;149
0.03138480335474014;149
0.00751242320984602;149
0.040620557963848114;149
0.024678675457835197;149
0.005840015597641468;149
0.006253587082028389;149
0.040493421256542206;149
0.0391722172498703;149
0.028981314972043037;149
0.04493275284767151;149
0.0612243190407753;149
0.028877168893814087;149
0.03864824026823044;149
0.010572221130132675;149
0.004758226219564676;149
0.03245558962225914;150
0.004444174934178591;150
0.0043779159896075726;150
0.05633215233683586;150
0.024904891848564148;150
0.004167185164988041;150
0.019154876470565796;150
0.024353574961423874;150
0.02870691381394863;150
0.020544828847050667;150
0.03567345812916756;150
0.0544813871383667;150
0.0408782884478569;150
0.00949234887957573;150
0.021391550078988075;150
0.023164507001638412;151
0.0027004380244761705;151
0.0022627511061728;151
0.002626208122819662;151
0.003456639125943184;151
0.009506262838840485;151
0.014120551757514477;151
0.030596572905778885;151
0.03282590210437775;151
0.04261549562215805;151
0.021595703437924385;151
0.03789965808391571;151
0.05010347440838814;151
0.017464378848671913;151
0.032316625118255615;151
0.004266423173248768;152
0.002650852780789137;152
0.01716487482190132;152
0.011956198140978813;152
0.07123490422964096;152
0.01295076310634613;152
0.022008616477251053;152
0.005247524008154869;152
0.008027859032154083;152
0.030658816918730736;152
0.031792908906936646;152
0.048251695930957794;152
0.0465691015124321;152
0.07857348024845123;152
0.021167870610952377;152
0.033648859709501266;153
0.031727928668260574;153
0.002731502056121826;153
0.002066059038043022;153
0.06507651507854462;153
0.005054116249084473;153
0.061244018375873566;153
0.0470929779112339;153
0.030880199745297432;153
0.04305102676153183;153
0.02415715903043747;153
0.020963767543435097;153
0.01778295822441578;153
0.0338713675737381;153
0.019240040332078934;153
0.03068978525698185;153
0.009076946415007114;154
0.01572919636964798;154
0.023596426472067833;154
0.004729552660137415;154
0.004235008731484413;154
0.006332151126116514;154
0.016302864998579025;154
0.022061454132199287;154
0.05082685127854347;154
0.01852930337190628;154
0.025725580751895905;154
0.031742844730615616;154
0.018052080646157265;154
0.029453715309500694;154
0.04952295124530792;154
0.003436557948589325;155
0.006600150838494301;155
0.0032115697395056486;155
0.012114367447793484;155
0.005201513879001141;155
0.03660401701927185;155
0.004628036171197891;155
0.04490180313587189;155
0.020311538130044937;155
0.06644470244646072;155
0.036294952034950256;155
0.0353008508682251;155
0.04112688824534416;155
0.03266647458076477;155
0.024980168789625168;155
0.007520521990954876;156
0.007422181777656078;156
0.03127581253647804;156
0.08001139760017395;156
0.005965671967715025;156
0.02307167835533619;156
0.023356329649686813;156
0.0035393554717302322;156
0.03944562375545502;156
0.008670159615576267;156
0.007896892726421356;156
0.03255428373813629;156
0.011007103137671947;156
0.02364526316523552;156
0.029059091582894325;156
0.022142603993415833;156
0.003001015866175294;157
0.024134578183293343;157
0.04914926365017891;157
0.003934471867978573;157
0.011321507394313812;157
0.002071249531581998;157
0.005543605424463749;157
0.027180543169379234;157
0.01576072722673416;157
0.08985690027475357;157
0.04171206057071686;157
0.021233774721622467;157
0.0551818385720253;157
0.016873009502887726;157
0.020236313343048096;157
0.011500041000545025;158
0.02780635841190815;158
0.0037230500020086765;158
0.0093917865306139;158
0.004606698639690876;158
0.00449240580201149;158
0.02615380473434925;158
0.018496204167604446;158
0.018727872520685196;158
0.05034494400024414;158
0.03574845567345619;158
0.036430537700653076;158
0.024096040055155754;158
0.04540497064590454;158
0.028772570192813873;158
0.0170123353600502;159
0.03689539059996605;159
0.007386441342532635;159
0.03936893865466118;159
0.020123757421970367;159
0.004789391998201609;159
0.003970927558839321;159
0.03684227913618088;159
0.04361169785261154;159
0.02884742245078087;159
0.047945424914360046;159
0.06636683642864227;159
0.033368878066539764;159
0.040510449558496475;159
0.006470633205026388;159
0.002846457762643695;159
0.029610224068164825;160
0.0038865425158292055;160
0.004739472642540932;160
0.06217079237103462;160
0.027948297560214996;160
0.0036827544681727886;160
0.014494686387479305;160
0.02499556913971901;160
0.024714259430766106;160
0.024928616359829903;160
0.030178921297192574;160
0.0550321601331234;160
0.038216833025217056;160
0.00902017205953598;160
0.024639343842864037;160
0.020807113498449326;161
0.003945167176425457;161
0.003308956976979971;161
0.0025028311647474766;161
0.004184297285974026;161
0.008417017757892609;161
0.018634723499417305;161
0.03804463893175125;161
0.028791557997465134;161
0.046426210552453995;161
0.023694755509495735;161
0.035575881600379944;161
0.042021967470645905;161
0.020369891077280045;161
0.02464786358177662;161
0.003160941880196333;162
0.002842425834387541;162
0.017390206456184387;162
0.013247099705040455;162
0.0693894773721695;162
0.010876264423131943;162
0.021765507757663727;162
0.005311198532581329;162
0.008657332509756088;162
0.0363418310880661;162
0.030092008411884308;162
0.041751034557819366;162
0.051760926842689514;162
0.07387860864400864;162
0.02340828627347946;162
0.029410196468234062;163
0.03148322552442551;163
0.002235517604276538;163
0.0016503424849361181;163
0.05964735150337219;163
0.007639835122972727;163
0.05286705121397972;163
0.05111078545451164;163
0.027115777134895325;163
0.04375363141298294;163
0.02218909189105034;163
0.021430611610412598;163
0.016851086169481277;163
0.027620820328593254;163
0.023593803867697716;163
0.03627534210681915;163
0.01103335153311491;164
0.013480080291628838;164
0.024195989593863487;164
0.002269504591822624;164
0.005524104461073875;164
0.007406017743051052;164
0.015518123283982277;164
0.015465150587260723;164
0.061144255101680756;164
0.020669199526309967;164
0.023570237681269646;164
0.031412895768880844;164
0.01736524887382984;164
0.027661319822072983;164
0.04493080824613571;164
0.0032377897296100855;165
0.0052098738960921764;165
0.003967293072491884;165
0.010490160435438156;165
0.005465966183692217;165
0.0349084809422493;165
0.006605585105717182;165
0.04110851138830185;165
0.026363430544734;165
0.06972964107990265;165
0.028951425105333328;165
0.03228069841861725;165
0.04681212827563286;165
0.027608854696154594;165
0.028268098831176758;165
0.0035079314839094877;166
0.008865021169185638;166
0.021427730098366737;166
0.07679960876703262;166
0.005880414508283138;166
0.021884988993406296;166
0.022455671802163124;166
0.003769045230001211;166
0.03568819910287857;166
0.009852278977632523;166
0.010064883157610893;166
0.025402506813406944;166
0.011974532157182693;166
0.020335543900728226;166
0.027687320485711098;166
0.02140658162534237;166
0.004276556894183159;167
0.02157723344862461;167
0.04888284206390381;167
0.004599543288350105;167
0.010135172866284847;167
0.0018466305918991566;167
0.004065000917762518;167
0.024956950917840004;167
0.016395289450883865;167
0.09401624649763107;167
0.040781419724226;167
0.017891060560941696;167
0.06137525290250778;167
0.014600157737731934;167
0.014154243282973766;167
0.009244664572179317;168
0.027304690331220627;168
0.0027142437174916267;168
0.008642040193080902;168
0.004470962565392256;168
0.0036020607221871614;168
0.023472147062420845;168
0.019631406292319298;168
0.018784545361995697;168
0.05110500380396843;168
0.038654714822769165;168
0.034869950264692307;168
0.021724548190832138;168
0.04338286817073822;168
0.0306840892881155;168
0.01223460678011179;169
0.022779352962970734;169
0.00658196397125721;169
0.03913639858365059;169
0.018723081797361374;169
0.0033705485984683037;169
0.0032999995164573193;169
0.03763415664434433;169
0.037631385028362274;169
0.02577168121933937;169
0.05275309458374977;169
0.06347067654132843;169
0.03491692245006561;169
0.03588702902197838;169
0.006821563933044672;169
0.00436980789527297;169
0.027330690994858742;170
0.0023342431522905827;170
0.0031063458882272243;170
0.06021297723054886;170
0.026354968547821045;170
0.004368199035525322;170
0.012913445942103863;170
0.026847027242183685;170
0.02486586943268776;170
0.024594953283667564;170
0.033219460397958755;170
0.05515526980161667;170
0.05082143098115921;170
0.008439508266746998;170
0.021411899477243423;170
0.020715724676847458;171
0.0028038308955729008;171
0.00251245079562068;171
0.0019388910150155425;171
0.004466063342988491;171
0.007429481949657202;171
0.017677906900644302;171
0.030190302059054375;171
0.03221241384744644;171
0.038425929844379425;171
0.02261962741613388;171
0.034953318536281586;171
0.03622763976454735;171
0.01278424821794033;171
0.03255319967865944;171
0.003281035926192999;172
0.0021546497009694576;172
0.01787467859685421;172
0.018538150936365128;172
0.06507336348295212;172
0.014229090884327888;172
0.02216591313481331;172
0.004029067698866129;172
0.008348744362592697;172
0.03418707475066185;172
0.027454040944576263;172
0.04301034286618233;172
0.04291018843650818;172
0.07364948093891144;172
0.020102255046367645;172
0.02736569754779339;173
0.03314928710460663;173
0.0022587028797715902;173
0.001296554459258914;173
0.06831026077270508;173
0.0057381559163331985;173
0.05960540100932121;173
0.05384834110736847;173
0.02935904450714588;173
0.048382651060819626;173
0.022001899778842926;173
0.016447212547063828;173
0.01651431992650032;173
0.033786095678806305;173
0.02060648798942566;173
0.03563423082232475;173
0.007084661163389683;174
0.015649355947971344;174
0.022158557549118996;174
0.0034411440137773752;174
0.006967813707888126;174
0.0061328839510679245;174
0.01593261957168579;174
0.017572425305843353;174
0.04024638235569;174
0.018546558916568756;174
0.020326901227235794;174
0.020750533789396286;174
0.016472674906253815;174
0.031830400228500366;174
0.04502645879983902;174
0.004285584203898907;175
0.004963895305991173;175
0.003074096515774727;175
0.009868055582046509;175
0.005343000404536724;175
0.031166447326540947;175
0.0053603192791342735;175
0.049091339111328125;175
0.02635132521390915;175
0.06711163371801376;175
0.030098557472229004;175
0.0276188962161541;175
0.04495961219072342;175
0.033244792371988297;175
0.027216125279664993;175
0.004297653213143349;176
0.007147238589823246;176
0.02160683274269104;176
0.07673104107379913;176
0.00724169984459877;176
0.017336226999759674;176
0.02813738025724888;176
0.00580446794629097;176
0.04322133585810661;176
0.009647139348089695;176
0.01126993540674448;176
0.027978578582406044;176
0.010844264179468155;176
0.019529225304722786;176
0.02834681235253811;176
0.02108336240053177;176
0.004204021766781807;177
0.021479567512869835;177
0.050814926624298096;177
0.004157459829002619;177
0.012056108564138412;177
0.0019285912858322263;177
0.005741808097809553;177
0.029875410720705986;177
0.013229135423898697;177
0.08777108043432236;177
0.034883543848991394;177
0.017544802278280258;177
0.057347044348716736;177
0.016603704541921616;177
0.016453886404633522;177
0.008077171631157398;178
0.031215108931064606;178
0.00411600386723876;178
0.010196056216955185;178
0.0042617833241820335;178
0.005276510026305914;178
0.023525960743427277;178
0.019231850281357765;178
0.016925161704421043;178
0.05029691010713577;178
0.033036794513463974;178
0.03795954957604408;178
0.023272333666682243;178
0.042903248220682144;178
0.02672702819108963;178
0.014167639426887035;179
0.023799492046236992;179
0.00585801200941205;179
0.03934602439403534;179
0.019607147201895714;179
0.005680910777300596;179
0.0072805555537343025;179
0.028045427054166794;179
0.038588136434555054;179
0.030091004446148872;179
0.04473963752388954;179
0.06852565705776215;179
0.03249663487076759;179
0.03701882064342499;179
0.006795264780521393;179
0.0050126598216593266;179
0.020719904452562332;180
0.002486641053110361;180
0.004551445133984089;180
0.0604405477643013;180
0.02670738846063614;180
0.006560348905622959;180
0.009244170039892197;180
0.025920182466506958;180
0.02748764492571354;180
0.02162865921854973;180
0.028095049783587456;180
0.0495353527367115;180
0.0426899790763855;180
0.0082164341583848;180
0.02182435244321823;180
0.01763804443180561;181
0.0035089384764432907;181
0.004218483809381723;181
0.0034528824035078287;181
0.003515383694320917;181
0.009552507661283016;181
0.020829513669013977;181
0.030148882418870926;181
0.030791975557804108;181
0.036680735647678375;181
0.0229396540671587;181
0.041023194789886475;181
0.03925585746765137;181
0.016172880306839943;181
0.031328052282333374;181
0.0034118620678782463;182
0.0019033490680158138;182
0.016484467312693596;182
0.010112667456269264;182
0.06913527846336365;182
0.016070343554019928;182
0.02165137231349945;182
0.0039991894736886024;182
0.008482446894049644;182
0.03097429871559143;182
0.031616806983947754;182
0.04244859144091606;182
0.04163078963756561;182
0.08008632808923721;182
0.02856198325753212;182
0.027828814461827278;183
0.03153667971491814;183
0.002834327518939972;183
0.0016539625357836485;183
0.06598660349845886;183
0.005196377169340849;183
0.05589636415243149;183
0.04693104699254036;183
0.029918380081653595;183
0.0427975133061409;183
0.022799896076321602;183
0.01681360974907875;183
0.014146841131150723;183
0.03528838977217674;183
0.019316699355840683;183
0.028779737651348114;183
0.008806899189949036;184
0.014171594753861427;184
0.01823120377957821;184
0.0036602416075766087;184
0.0059851836413145065;184
0.005754985846579075;184
0.01588204875588417;184
0.01641773246228695;184
0.04254929721355438;184
0.0207015722990036;184
0.024360710754990578;184
0.02691667713224888;184
0.018619058653712273;184
0.03679477050900459;184
0.040561042726039886;184
0.0029485588893294334;185
0.007885565981268883;185
0.002876615384593606;185
0.007921713404357433;185
0.008240061812102795;185
0.03972569853067398;185
0.003217770718038082;185
0.048315197229385376;185
0.022376462817192078;185
0.06364957243204117;185
0.03005692921578884;185
0.031233640387654305;185
0.04350487142801285;185
0.03773074969649315;185
0.02536998689174652;185
0.0051361373625695705;186
0.008173046633601189;186
0.025453027337789536;186
0.07063321024179459;186
0.006793653126806021;186
0.020608365535736084;186
0.026789536699652672;186
0.005493066739290953;186
0.038907185196876526;186
0.008626610040664673;186
0.012902593240141869;186
0.023784542456269264;186
0.013350555673241615;186
0.020439518615603447;186
0.02692847140133381;186
0.018599320203065872;186
0.003991908393800259;187
0.022997546941041946;187
0.053608328104019165;187
0.006649370305240154;187
0.00946759432554245;187
0.0019846330396831036;187
0.00676382053643465;187
0.02519916743040085;187
0.016738131642341614;187
0.09067083150148392;187
0.03804142028093338;187
0.018325939774513245;187
0.06648287177085876;187
0.01303938776254654;187
0.015144704841077328;187
0.008628856390714645;188
0.02771151438355446;188
0.00213510706089437;188
0.006025083363056183;188
0.004846096038818359;188
0.0033330500591546297;188
0.025152789428830147;188
0.02113277092576027;188
0.021518640220165253;188
0.05066285282373428;188
0.0314122810959816;188
0.038269221782684326;188
0.019242610782384872;188
0.040297385305166245;188
0.0271621011197567;188
0.01597735285758972;189
0.020358091220259666;189
0.0036194075364619493;189
0.0414532870054245;189
0.018590355291962624;189
0.0035969458986073732;189
0.004044715315103531;189
0.03718400001525879;189
0.042486123740673065;189
0.029589273035526276;189
0.0454542376101017;189
0.0668727234005928;189
0.027696475386619568;189
0.03126440569758415;189
0.008294088765978813;189
0.003872120752930641;189
0.018189487978816032;190
0.0025824387557804585;190
0.004644505679607391;190
0.06757713109254837;190
0.025330979377031326;190
0.003944492898881435;190
0.01192481629550457;190
0.028721949085593224;190
0.02248266711831093;190
0.022914862260222435;190
0.024926718324422836;190
0.04857948422431946;190
0.039335548877716064;190
0.007642018608748913;190
0.026083815842866898;190
0.016844160854816437;191
0.004254210740327835;191
0.0026459870859980583;191
0.0029384756926447153;191
0.0030913606751710176;191
0.008818883448839188;191
0.013878599740564823;191
0.032356105744838715;191
0.035029567778110504;191
0.03209464251995087;191
0.023135799914598465;191
0.042078565806150436;191
0.03392089158296585;191
0.010966494679450989;191
0.02823534421622753;191
0.0030010745394974947;192
0.0017509787576273084;192
0.01638280600309372;192
0.015381141565740108;192
0.05732733756303787;192
0.013210602104663849;192
0.020546557381749153;192
0.004673252813518047;192
0.008158322423696518;192
0.02949434332549572;192
0.03740285336971283;192
0.043985284864902496;192
0.040973443537950516;192
0.06990845501422882;192
0.020031729713082314;192
0.024653583765029907;193
0.03112713061273098;193
0.002758297137916088;193
0.0023167640902101994;193
0.05876737833023071;193
0.004682860802859068;193
0.04635417088866234;193
0.05011032521724701;193
0.03302537649869919;193
0.038723524659872055;193
0.02326970547437668;193
0.017795883119106293;193
0.01849754899740219;193
0.033791448920965195;193
0.019822848960757256;193
0.028910759836435318;193
0.006704904139041901;194
0.011987486854195595;194
0.019475409761071205;194
0.0026909098960459232;194
0.005671631079167128;194
0.0037214388139545918;194
0.013469206169247627;194
0.022687330842018127;194
0.04584214836359024;194
0.01804317906498909;194
0.02567247487604618;194
0.020989779382944107;194
0.0200178362429142;194
0.03354146331548691;194
0.04185301810503006;194
0.0036483975127339363;195
0.004388550296425819;195
0.0025883126072585583;195
0.008746047504246235;195
0.005483292043209076;195
0.03184473142027855;195
0.004604890011250973;195
0.044834405183792114;195
0.021945107728242874;195
0.058705516159534454;195
0.02998346835374832;195
0.032558463513851166;195
0.04128098487854004;195
0.029219351708889008;195
0.025957200676202774;195
0.005302654579281807;196
0.008069136179983616;196
0.02150457538664341;196
0.06986960023641586;196
0.007567223627120256;196
0.017754580825567245;196
0.02549753524363041;196
0.004984518513083458;196
0.03447466716170311;196
0.00891221221536398;196
0.009360781870782375;196
0.025340311229228973;196
0.011485965922474861;196
0.024043919518589973;196
0.027183253318071365;196
0.017771460115909576;196
0.004178195260465145;197
0.015154225751757622;197
0.04858693853020668;197
0.0032125324942171574;197
0.01240176148712635;197
0.0016695591621100903;197
0.00588300870731473;197
0.021714411675930023;197
0.013376613147556782;197
0.08393953740596771;197
0.033860333263874054;197
0.01950814202427864;197
0.06139469891786575;197
0.010834382846951485;197
0.016422122716903687;197
0.008473074063658714;198
0.02739783376455307;198
0.0029419339261949062;198
0.00539034977555275;198
0.004569231532514095;198
0.004034828394651413;198
0.025690579786896706;198
0.014553571119904518;198
0.017549850046634674;198
0.04561658576130867;198
0.03875172510743141;198
0.03454061597585678;198
0.020874932408332825;198
0.03775911033153534;198
0.026388637721538544;198
0.010638763196766376;199
0.024645457044243813;199
0.003249445930123329;199
0.0388500802218914;199
0.013949763961136341;199
0.00407422473654151;199
0.003691734280437231;199
0.03544832766056061;199
0.03967937082052231;199
0.025432396680116653;199
0.04058791697025299;199
0.06335356086492538;199
0.026576582342386246;199
0.037466779351234436;199
0.006762816105037928;199
0.0032901105005294085;199